439, 8.560000, 1.334556, -37.351681, 229.330000, 1.462000, M2V         
1242, 11.490000, 3.865281, -16.132307, 191.860000, 1.750000, M:          
1475, 8.090000, 4.585591, 44.021956, 280.270000, 1.560000, M1V         
1599, 4.230000, 5.007976, -64.877623, 116.380000, 0.576000, F9V         
2021, 2.820000, 6.413342, -77.255035, 133.780000, 0.618000, G2IV        
3765, 5.740000, 12.093888, 5.283389, 134.040000, 0.890000, K2V         
3821, 3.460000, 12.271253, 57.816548, 167.990000, 0.587000, G0V SB      
3829, 12.370000, 12.288238, 5.395198, 226.950000, 0.554000, DG          
4856, 9.980000, 15.620804, 71.680741, 122.770000, 1.501000, M3.5e       
5336, 5.170000, 17.053838, 54.924228, 132.400000, 0.704000, G5Vp        
5496, 9.800000, 17.592938, -67.446346, 122.860000, 1.568000, K           
5643, 12.100000, 18.124593, -17.000540, 269.050000, 1.850000, M5.5Ve      
7751, 5.760000, 24.946846, -56.196441, 122.750000, 0.880000, K0V         
7981, 5.240000, 25.624791, 20.270151, 133.910000, 0.836000, K1V         
8102, 3.490000, 26.021364, -15.939556, 274.170000, 0.727000, G8V         
8362, 5.630000, 26.933601, 63.853101, 100.240000, 0.804000, K0V         
9724, 10.190000, 31.266835, -17.614209, 105.940000, 1.514000, M3          
9786, 12.150000, 31.453788, -30.176893, 105.640000, 1.719000, K:...       
12114, 5.790000, 39.015969, 6.883364, 138.720000, 0.918000, K3V         
12781, 10.550000, 41.062295, 25.524249, 132.420000, 1.530000, M3.5Ve      
14559, 11.720000, 46.991442, -28.220970, 114.730000, 0.000000,  NA           
15457, 4.840000, 49.839745, 3.369971, 109.180000, 0.681000, G5Vvar      
15510, 4.260000, 49.971770, -43.071549, 165.020000, 0.711000, G8V         
15689, 12.160000, 50.523219, -13.278120, 227.450000, 0.000000,  NA           
16537, 3.720000, 53.235090, -9.458306, 310.750000, 0.881000, K2V         
17378, 3.520000, 55.812317, -9.765199, 110.580000, 0.915000, K0IV        
19849, 4.430000, 63.823492, -7.644558, 198.240000, 0.820000, K1V         
20968, 11.420000, 67.437131, -29.026367, 120.700000, 0.646000, NA            
21088, 10.820000, 67.791859, 58.982053, 181.360000, 1.170000, NA           
21932, 9.950000, 70.730708, 18.960881, 106.160000, 1.523000, M2          
22449, 3.190000, 72.458909, 6.961247, 124.600000, 0.484000, F6V         
23311, 6.220000, 75.202822, -5.750979, 113.460000, 1.049000, K3V         
23452, 8.310000, 75.618792, -21.256106, 117.380000, 1.430000, M0V         
23512, 11.710000, 75.834267, -17.372453, 107.860000, 1.661000, K:          
23932, 10.280000, 77.144734, -18.168645, 107.300000, 1.520000, M5          
24186, 8.860000, 77.896720, -45.004487, 255.260000, 1.543000, M0V         
25578, 12.480000, 82.001106, 9.645774, 115.040000, 1.653000, M5          
25878, 7.970000, 82.862294, -3.672142, 175.720000, 1.474000, M1V         
26857, 11.560000, 85.533636, 12.493155, 172.780000, 1.675000, M5          
27072, 3.590000, 86.116562, -22.447487, 111.490000, 0.481000, F7V         
27913, 4.390000, 88.596183, 20.276415, 115.430000, 0.594000, G0V         
29277, 10.480000, 92.581806, 82.110003, 106.430000, 1.514000, M3          
29295, 8.150000, 92.644590, -21.862908, 173.190000, 1.487000, M1/M2V      
30920, 11.120000, 97.345813, -2.812475, 242.890000, 1.690000, M4.5Ve      
31293, 10.350000, 98.433254, -75.630668, 114.180000, 0.000000, NA            
31292, 11.410000, 98.448086, -75.625614, 119.540000, 0.000000, NA           
31635, 9.630000, 99.296945, 17.563995, 101.590000, 1.480000, M1:         
32349, -1.440000, 101.288541, -16.713143, 379.210000, 0.009000, A0m...      
32984, 6.580000, 103.076537, -5.173705, 114.940000, 1.071000, K3V         
33226, 9.890000, 103.706105, 33.269146, 181.320000, 1.580000, K:...       
33499, 10.810000, 104.447925, -44.291097, 124.620000, 1.636000, M4+...      
34603, 11.650000, 107.509005, 38.531765, 157.240000, 1.700000, M5Ve        
36208, 9.840000, 111.850685, 5.234764, 263.260000, 1.573000, M5          
37279, 0.400000, 114.827242, 5.227508, 285.930000, 0.432000, F5IV-V      
37766, 11.190000, 116.168233, 3.553549, 168.590000, 1.600000, M4.5Ve      
38956, 12.020000, 119.552224, 41.305371, 122.530000, 1.618000, M4V         
40501, 10.080000, 124.034170, 1.302427, 109.230000, 1.510000,   NA          
45343, 7.640000, 138.601122, 52.687993, 161.590000, 1.410000, M0V         
120005, 7.700000, 138.609130, 52.687971, 159.480000, 1.420000, K2          
46655, 11.710000, 142.687153, 0.324003, 103.560000, 1.588000, K:...       
47103, 10.910000, 144.006459, -21.658392, 111.410000, 1.572000, K           
47425, 10.720000, 144.944903, -41.068424, 105.340000, 1.521000, M:          
47780, 10.220000, 146.125932, -45.775089, 101.870000, 1.530000, M1:         
49908, 6.600000, 152.847346, 49.455464, 205.220000, 1.326000, K8V         
49986, 9.260000, 153.073990, -3.745072, 127.990000, 1.487000, M3          
51317, 9.650000, 157.232929, 0.842778, 138.290000, 1.507000, M2          
53020, 11.640000, 162.718905, 6.810117, 177.460000, 1.679000, M4:         
53767, 10.030000, 165.018863, 22.833643, 150.960000, 1.525000, M3          
54035, 7.490000, 165.835884, 35.981464, 392.400000, 1.502000, M2V         
54211, 8.820000, 166.383858, 43.524484, 206.940000, 1.491000, M2Vvar      
54298, 11.690000, 166.627862, -53.268859, 155.280000, 0.000000, NA            
55360, 9.310000, 170.037622, 65.846039, 109.950000, 1.412000, M1Vvar      
56452, 5.960000, 173.624804, -32.833342, 104.840000, 0.811000, K0V         
56528, 9.810000, 173.862487, -32.537900, 110.650000, 1.489000, M2V         
56997, 5.310000, 175.262605, 34.202560, 104.810000, 0.723000, G8Vvar      
57367, 11.500000, 176.413598, -64.840674, 216.400000, 0.196000, DC:         
57443, 4.890000, 176.634363, -40.501335, 108.230000, 0.664000, G3/G5V      
57544, 10.800000, 176.913191, 78.689993, 185.480000, 1.572000, M4          
57548, 11.120000, 176.933513, 0.807526, 299.580000, 1.746000, M4.5V       
57802, 9.760000, 177.781382, 35.271398, 116.920000, 1.477000, M1V         
57939, 6.420000, 178.232568, 37.732808, 109.210000, 0.754000, G8Vp        
60559, 11.280000, 186.215958, -18.236679, 112.520000, 1.574000, M4          
61317, 4.240000, 188.437886, 41.356768, 119.460000, 0.588000, G0V         
61629, 10.650000, 189.471653, -52.001550, 103.540000, 1.470000, M3          
61874, 12.240000, 190.195493, -43.568062, 130.520000, 1.750000, M4          
62452, 11.390000, 191.988422, 9.752518, 121.780000, 1.563000, M4          
64394, 4.230000, 197.970511, 27.876038, 109.230000, 0.572000, G0V         
64924, 4.740000, 199.604050, -18.308611, 117.300000, 0.709000, G5V         
65859, 9.050000, 202.496321, 10.379773, 131.120000, 1.493000, M1V         
66906, 12.030000, 205.680612, 33.291822, 109.890000, 2.400000, M:          
67155, 8.460000, 206.427930, 14.895057, 184.130000, 1.435000, M3V         
71253, 11.320000, 218.570932, -12.521001, 163.510000, 1.633000, M4          
71681, 1.350000, 219.914128, -60.839471, 742.120000, 0.900000, K1V         
71683, -0.010000, 219.920410, -60.835147, 742.120000, 0.710000, G2V         
71898, 10.880000, 220.591728, 66.055886, 101.340000, 1.615000, M3          
72509, 12.070000, 222.386188, -26.111178, 221.800000, 1.524000, M           
72511, 11.720000, 222.389639, -26.106034, 235.240000, 1.480000, M           
72659, 4.540000, 222.847018, 19.100633, 149.260000, 0.720000, G8V + K4V   
72944, 10.110000, 223.621123, 16.101359, 101.910000, 1.500000, M2Ve        
73182, 8.010000, 224.358018, -21.407469, 133.630000, 1.519000, K5V         
73184, 5.720000, 224.363965, -21.411281, 169.320000, 1.024000, K4V         
74995, 10.570000, 229.864774, -7.722038, 159.520000, 1.600000, M5          
76074, 9.310000, 233.057690, -41.273086, 168.520000, 1.524000, M0          
76901, 11.830000, 235.532426, -19.469245, 121.860000, 1.591000, M5          
80018, 10.560000, 245.016882, -37.531420, 118.030000, 1.550000, M4          
80346, 10.270000, 246.034662, 48.354004, 124.340000, 1.475000, M3          
80459, 10.130000, 246.350796, 54.304518, 151.930000, 1.591000, M2          
80824, 10.100000, 247.575478, -12.659714, 234.510000, 1.604000, M4          
81300, 5.770000, 249.088265, -2.323836, 102.270000, 0.827000, K2V         
82003, 8.100000, 251.276577, 33.508298, 102.350000, 1.310000, K7V         
82724, 11.850000, 253.632228, -62.400234, 109.570000, 1.729000, Mp          
82725, 11.720000, 253.633948, -62.403741, 203.010000, 0.000000, NA           
82809, 11.730000, 253.857103, -8.320400, 153.960000, 1.700000, M4          
82817, 9.020000, 253.871850, -8.334208, 174.230000, 1.553000, M3Ve        
83945, 11.770000, 257.380308, 43.682026, 137.840000, 1.696000, M3          
84140, 9.310000, 258.031746, 45.669842, 158.170000, 1.485000, K5          
84405, 4.330000, 258.838697, -26.600049, 167.080000, 0.855000, K2:III:     
84478, 6.330000, 259.056981, -26.543416, 167.560000, 1.144000, K5V         
84581, 11.090000, 259.347732, -7.876836, 100.890000, 0.000000,  NA           
84709, 5.910000, 259.734834, -34.989572, 143.450000, 1.082000, K4V         
84720, 5.470000, 259.762309, -46.636500, 113.810000, 0.764000, M0V         
85295, 7.540000, 261.439879, 2.114302, 129.540000, 1.359000, K7V         
85523, 9.380000, 262.164404, -46.893052, 220.430000, 1.553000, K5          
85605, 11.390000, 262.400787, 24.653221, 202.690000, 1.101000,  NA           
85665, 9.330000, 262.594628, 5.549124, 100.170000, 1.461000, M1V...      
86057, 10.130000, 263.806428, -48.681974, 102.300000, 1.543000, K5          
86162, 9.150000, 264.110027, 68.342227, 220.850000, 1.505000, M3.5Vvar    
86214, 10.940000, 264.267668, -44.316935, 198.320000, 1.655000, M5          
86287, 9.620000, 264.469902, 18.589319, 123.020000, 1.530000, M1          
86776, 10.490000, 265.983144, 43.380077, 105.390000, 1.528000, M3          
86961, 10.490000, 266.552763, -32.102773, 161.770000, 1.463000, M2V:        
86963, 11.390000, 266.560282, -32.101657, 161.770000, 1.439000, M2V:        
86974, 3.420000, 266.615496, 27.722499, 119.050000, 0.750000, G5IV        
86990, 10.750000, 266.647662, -57.315755, 172.080000, 1.660000, M5          
87937, 9.540000, 269.454023, 4.668288, 549.010000, 1.570000, sdM4        
88574, 9.370000, 271.280191, -3.030511, 128.280000, 1.508000, M2V         
88601, 4.030000, 271.363387, 2.502439, 196.620000, 0.860000, K0V SB      
89937, 3.550000, 275.259746, 72.733698, 124.110000, 0.489000, F7Vvar      
91262, 0.030000, 279.234108, 38.782993, 128.930000, -0.001000, A0Vvar      
91768, 8.940000, 280.700906, 59.626016, 280.280000, 1.504000, K5          
91772, 9.700000, 280.702124, 59.622361, 284.480000, 1.561000, K5          
92403, 10.370000, 282.453983, -23.835765, 336.480000, 1.510000, M3.5Ve      
93449, 11.570000, 285.473648, -36.952240, 121.750000, 0.000000, A5IIevar    
93873, 10.770000, 286.774431, 20.888888, 115.910000, 1.570000, M2          
93899, 10.760000, 286.806268, 20.877825, 112.820000, 1.570000, M2          
94761, 9.120000, 289.231650, 5.172141, 170.260000, 1.464000, M3.5V       
96100, 4.670000, 293.085777, 69.665402, 173.410000, 0.786000, K0V         
97649, 0.760000, 297.694509, 8.867385, 194.440000, 0.221000, A7IV-V      
99240, 3.550000, 302.174417, -66.179321, 163.730000, 0.751000, G5IV-Vvar   
99461, 5.320000, 302.798368, -36.097384, 165.240000, 0.868000, K2V         
99701, 7.970000, 303.469802, -45.163632, 161.170000, 1.431000, M0V         
99825, 5.730000, 303.819075, -27.032536, 113.330000, 0.878000, K3V         
101180, 10.540000, 307.630929, 65.448870, 125.620000, 1.542000, M3          
102409, 8.810000, 311.288918, -31.340024, 100.590000, 1.470000, M1Ve        
103039, 11.410000, 313.138352, -16.974813, 182.150000, 1.653000, NA            
103096, 8.550000, 313.332453, 62.156272, 141.950000, 1.483000, M2V         
104214, 5.200000, 316.711813, 38.741494, 287.130000, 1.069000, K5V         
104217, 6.050000, 316.717468, 38.734414, 285.420000, 1.309000, K7V         
105090, 6.690000, 319.323797, -38.864575, 253.370000, 1.397000, M1/M2V      
105858, 4.210000, 321.610384, -65.368144, 108.500000, 0.494000, F6V         
106106, 10.330000, 322.400815, 17.642376, 148.290000, 1.620000, M4          
106255, 11.960000, 322.824671, -9.790532, 124.820000, 1.703000, M4e...      
106440, 8.660000, 323.391734, -49.007018, 202.530000, 1.521000, M1V         
108706, 11.990000, 330.303657, 28.306817, 111.570000, 1.718000,  NA           
108870, 4.690000, 330.822665, -56.779806, 275.760000, 1.056000, K5V         
109388, 10.410000, 332.415341, -4.640681, 113.970000, 1.531000, M3          
110893, 9.590000, 337.001740, 57.697020, 249.520000, 1.613000, M2V         
111802, 9.060000, 339.688728, -20.620940, 115.710000, 1.466000, M0Vpe       
112460, 10.290000, 341.709612, 44.335108, 198.070000, 1.540000, M4.5Ve      
113020, 10.160000, 343.317316, -14.262058, 212.690000, 1.597000, M5          
113229, 10.420000, 343.949571, -75.456091, 116.020000, 1.485000, K           
113283, 6.480000, 344.099278, -31.565179, 130.940000, 1.094000, K4Vp        
113296, 8.680000, 344.147642, 16.554122, 145.270000, 1.507000, M2:         
113368, 1.170000, 344.411773, -29.621837, 130.080000, 0.145000, A3V         
113576, 7.880000, 345.069549, -22.524488, 122.800000, 1.379000, K5/M0V      
114046, 7.350000, 346.446521, -35.856297, 303.900000, 1.483000, M2/M3V      
114110, 12.240000, 346.662032, -14.872397, 216.520000, 0.000000,  NA          
114176, 12.280000, 346.831366, -32.268199, 147.950000, 0.000000,    NA         
114622, 5.570000, 348.311431, 57.167638, 153.240000, 1.000000, K3Vvar      
116132, 10.050000, 352.965979, 19.937411, 160.060000, 1.190000, M6Ve        
117473, 8.980000, 357.299774, 2.403577, 167.510000, 1.460000, M2V