169, 9.240000, 0.535021, -68.280206, 63.030000, 1.390000, M0V,00021-6817,0,0,
171, 5.800000, 0.540188, 27.084489, 80.630000, 0.690000, G3V,00021+2706,HD 224930,HR 9088,
428, 9.950000, 1.292336, 45.786934, 86.980000, 1.472000, M2,0,0,0,
436, 8.490000, 1.324453, -67.831227, 62.480000, 1.076000, K5V,0,0,0,
439, 8.560000, 1.334556, -37.351681, 229.330000, 1.462000, M2V,0,0,0,
473, 8.200000, 1.417823, 45.812455, 85.100000, 1.410000, K2,00057+4548,0,0,
523, 12.170000, 1.578760, -65.839195, 56.920000, 1.550000, M4,0,0,0,
544, 6.070000, 1.652210, 29.021935, 72.980000, 0.752000, K0V,00065+2900,0,0,
746, 2.280000, 2.292040, 59.150218, 59.890000, 0.380000, F2III-IV,00092+5909,HD 432,HR 21,
910, 4.890000, 2.816284, -15.467323, 52.940000, 0.487000, F5V,0,HD 693,HR 33,
1092, 11.140000, 3.407543, 80.665339, 51.120000, 1.556000, M0,0,0,0,
1242, 11.490000, 3.865281, -16.132307, 191.860000, 1.750000, M:,0,0,0,
1292, 6.590000, 4.046838, -79.851041, 56.760000, 0.749000, G6V,0,0,0,
1368, 8.990000, 4.274733, 40.948094, 66.710000, 1.370000, M0,0,0,0,
1463, 10.880000, 4.569121, 10.202861, 61.670000, 1.479000, M0,0,0,0,
1475, 8.090000, 4.585591, 44.021956, 280.270000, 1.560000, M1V,00184+4401,0,0,
1599, 4.230000, 5.007976, -64.877623, 116.380000, 0.576000, F9V,0,HD 1581,HR 77,
1696, 10.410000, 5.331505, -45.744437, 55.680000, 1.475000, M0,0,0,0,
1720, 12.210000, 5.406335, -46.091736, 50.100000, 1.537000, M6,0,0,0,
1734, 11.160000, 5.483339, -31.405586, 54.910000, 1.485000, M2V:,0,0,0,
1860, 11.310000, 5.879297, 77.189181, 50.710000, 1.462000, K,0,0,0,
1936, 7.920000, 6.106239, -27.026976, 55.530000, 0.940000, K2V,0,0,0,
2021, 2.820000, 6.413342, -77.255035, 133.780000, 0.618000, G2IV,0,HD 2151,HR 98,
2120, 10.520000, 6.720574, 70.142777, 61.390000, 1.459000, M0,0,0,0,
2552, 10.270000, 8.111716, 67.236215, 98.740000, 1.520000, M2.5Ve,00325+6714,0,0,
2941, 5.570000, 9.332446, -24.767225, 64.380000, 0.715000, K1V+...,00373-2446,0,0,
3093, 5.880000, 9.842061, 21.251374, 90.030000, 0.850000, K0V,00394+2115,HD 3651,HR 166,
3206, 7.360000, 10.204158, 40.188799, 57.900000, 0.937000, K2V,0,0,0,
3261, 10.580000, 10.377988, -33.624954, 50.290000, 1.432000, DEFAULT,0,0,0,
3583, 5.800000, 11.439308, -47.552176, 66.920000, 0.635000, G5IV,00458-4733,0,0,
3588, 7.890000, 11.450198, -41.909009, 62.410000, 1.251000, K5V comp SB,00458-4155,0,0,
3765, 5.740000, 12.093888, 5.283389, 134.040000, 0.890000, K2V,00483+0516,0,0,
3821, 3.460000, 12.271253, 57.816548, 167.990000, 0.587000, G0V SB,00491+5749,HD 4614,HR 219,
3829, 12.370000, 12.288238, 5.395198, 226.950000, 0.554000, DG,0,0,0,
3850, 7.150000, 12.360155, -23.212774, 53.090000, 0.769000, G8/K0V,0,0,0,
3909, 5.170000, 12.532185, -10.643770, 64.690000, 0.514000, F7IV-V,0,HD 4813,HR 235,
3937, 12.010000, 12.637980, 24.816822, 83.200000, 0.000000, DEFAULT,00506+2449,0,0,
4012, 10.660000, 12.867071, 58.301042, 54.230000, 1.363000, M2,0,0,0,
4022, 8.950000, 12.890132, -22.909395, 65.810000, 1.290000, K5V,00516-2255,0,0,
4148, 7.150000, 13.252982, -30.356991, 71.010000, 0.936000, K2V,0,0,0,
4151, 4.800000, 13.267831, 61.123557, 53.850000, 0.540000, F8V,00531+6107,0,0,
4473, 9.500000, 14.326914, -62.245907, 51.660000, 1.299000, K7V,0,0,0,
4569, 11.770000, 14.612827, -27.856305, 76.320000, 1.558000, DEFAULT,0,0,0,
4856, 9.980000, 15.620804, 71.680741, 122.770000, 1.501000, M3.5e,0,0,0,
4872, 9.560000, 15.658121, 62.344828, 99.440000, 1.463000, K5V...,0,0,0,
4927, 11.360000, 15.807243, 20.097736, 61.230000, 1.590000, M,01032+2006,0,0,
5247, 9.000000, 16.775601, 63.940551, 66.460000, 1.289000, K7V,0,0,0,
5336, 5.170000, 17.053838, 54.924228, 132.400000, 0.704000, G5Vp,01080+5455,HD 6582,HR 321,
5496, 9.800000, 17.592938, -67.446346, 122.860000, 1.568000, K,0,0,0,
5643, 12.100000, 18.124593, -17.000540, 269.050000, 1.850000, M5.5Ve,0,0,0,
5812, 11.160000, 18.642060, -53.942870, 60.760000, 1.637000, M4,0,0,0,
5862, 4.970000, 18.794032, -45.532097, 66.430000, 0.571000, F8V,0,HD 7570,HR 370,
6005, 11.310000, 19.313929, -35.715474, 60.610000, 1.510000, DEFAULT,0,0,0,
6069, 11.020000, 19.471663, 5.475470, 65.300000, 1.478000, M2V:,0,0,0,
6290, 10.360000, 20.171099, 57.326850, 52.710000, 1.340000, K6V:,0,0,0,
6351, 10.150000, 20.390109, -41.655295, 59.290000, 1.383000, K5,0,0,0,
6379, 7.170000, 20.496675, 76.710368, 59.460000, 0.826000, K0,0,0,0,
7170, 11.160000, 23.110719, -21.902967, 56.420000, 1.492000, DEFAULT,0,0,0,
7235, 6.970000, 23.315145, -24.177574, 51.270000, 0.766000, K0V,01332-2411,0,0,
7513, 4.100000, 24.199904, 41.406385, 74.250000, 0.536000, F8V,01367+4125,HD 9826,HR 458,
7646, 11.600000, 24.623497, 0.651183, 52.950000, 1.496000, K:,0,0,0,
7751, 5.760000, 24.946846, -56.196441, 122.750000, 0.880000, K0V,01398-5612,HD 10360,HR 486,
7765, 8.680000, 24.983271, 15.259445, 61.300000, 0.000000, K0,01399+1515,0,0,
7918, 4.960000, 25.443815, 42.613807, 79.090000, 0.618000, G2V,0,0,0,
7978, 5.520000, 25.621463, -53.740575, 57.630000, 0.551000, F8V,0,HD 10647,HR 506,
7981, 5.240000, 25.624791, 20.270151, 133.910000, 0.836000, K1V,01425+2016,HD 10476,HR 493,
8051, 10.930000, 25.835109, 4.323515, 88.860000, 1.525000, M2V:,0,0,0,
8070, 8.420000, 25.921860, 63.824815, 74.450000, 1.202000, K5V,0,0,0,
8102, 3.490000, 26.021364, -15.939556, 274.170000, 0.727000, G8V,01441-1557,HD 10700,HR 509,
8362, 5.630000, 26.933601, 63.853101, 100.240000, 0.804000, K0V,01477+6351,0,0,
8691, 11.800000, 27.951454, -10.802159, 56.350000, 1.475000, M4,0,0,0,
8709, 12.440000, 28.012326, 47.001551, 63.080000, 0.170000, DAs,0,0,0,
8768, 8.890000, 28.202663, -22.434855, 90.170000, 1.424000, K5/M0V,0,0,0,
8796, 3.420000, 28.270416, 29.579397, 50.870000, 0.488000, F6IV,01531+2935,HD 11443,HR 544,
8903, 2.640000, 28.659788, 20.808299, 54.740000, 0.165000, A5V...,0,HD 11636,HR 553,
9007, 3.690000, 28.986802, -51.609587, 57.190000, 0.844000, G5IV,01560-5137,HD 11937,HR 566,
9044, 8.610000, 29.133206, -60.227100, 50.760000, 1.143000, K5V,0,0,0,
9291, 12.210000, 29.846480, 58.521608, 83.200000, 1.540000, M4Ve,0,0,0,
9724, 10.190000, 31.266835, -17.614209, 105.940000, 1.514000, M3,0,0,0,
9786, 12.150000, 31.453788, -30.176893, 105.640000, 1.719000, K:...,0,0,0,
10072, 11.780000, 32.399261, -14.358219, 50.340000, 1.517000, DEFAULT,0,0,0,
10138, 6.120000, 32.600007, -50.825315, 91.630000, 0.812000, K0V,0,0,0,
10279, 10.040000, 33.091740, 3.580123, 96.280000, 1.431000, M3V:,0,0,0,
10395, 10.310000, 33.471266, -32.039949, 80.790000, 1.479000, DEFAULT,0,0,0,
10617, 12.020000, 34.169715, -30.989001, 70.160000, 1.583000, DEFAULT,02166-3059,0,0,
10644, 4.840000, 34.260073, 34.224830, 92.200000, 0.607000, G0V,02170+3414,HD 13974,HR 660,
10798, 6.330000, 34.744358, -25.946768, 78.880000, 0.724000, G8V,0,0,0,
10812, 11.590000, 34.787762, -36.779420, 71.560000, 1.510000, DEFAULT,0,0,0,
11048, 9.400000, 35.560232, 47.879929, 83.930000, 1.466000, M2,0,0,0,
11452, 8.690000, 36.940879, 4.431569, 60.220000, 1.397000, K7V:,02278+0426,0,0,
11565, 8.780000, 37.255466, -19.979618, 52.900000, 1.120000, K4V,02290-1959,0,0,
11964, 8.890000, 38.593831, -43.795639, 86.870000, 1.390000, K7V comp SB,0,0,0,
12097, 10.680000, 38.971465, 20.220225, 71.600000, 1.470000, M2,0,0,0,
12114, 5.790000, 39.015969, 6.883364, 138.720000, 0.918000, K3V,02361+0653,0,0,
12261, 12.360000, 39.469580, -58.753582, 67.200000, 0.000000, DEFAULT,0,0,0,
12351, 9.480000, 39.754978, -58.187220, 60.510000, 1.396000, M0Ve,02390-5811,0,0,
12653, 5.400000, 40.638160, -50.800827, 58.000000, 0.561000, G3IV,0,HD 17051,HR 810,
12709, 8.230000, 40.836047, 19.429282, 53.890000, 1.074000, K5,0,0,0,
12777, 4.100000, 41.048700, 49.228666, 89.030000, 0.514000, F7V,02441+4913,HD 16895,HR 799,
12781, 10.550000, 41.062295, 25.524249, 132.420000, 1.530000, M3.5Ve,0,0,0,
12843, 4.470000, 41.274923, -18.572651, 71.560000, 0.481000, F5/F6V,0,HD 17206,HR 818,
12929, 8.590000, 41.571331, 11.775751, 62.830000, 1.269000, K5,0,0,0,
13218, 10.720000, 42.541025, -53.140193, 76.450000, 1.510000, M,0,0,0,
13375, 9.600000, 43.026806, 34.391759, 70.190000, 1.315000, K6:,0,0,0,
13389, 11.360000, 43.087000, -63.681353, 86.910000, 1.549000, M,0,0,0,
13402, 6.050000, 43.132878, -12.769254, 96.330000, 0.862000, K1V,0,0,0,
14101, 10.400000, 45.465028, -16.592633, 92.970000, 0.000000, DEFAULT,0,0,0,
14445, 9.070000, 46.610458, 1.967423, 67.690000, 1.358000, M0V,0,0,0,
14555, 10.210000, 46.983223, -28.219435, 52.380000, 0.000000, Se,03079-2813,0,0,
14559, 11.720000, 46.991442, -28.220970, 114.730000, 0.000000, DEFAULT,03079-2813,0,0,
14632, 4.050000, 47.262014, 49.613500, 94.930000, 0.595000, G0V,03091+4936,HD 19373,HR 937,
14669, 10.110000, 47.379800, 45.733678, 64.830000, 1.473000, M2,03095+4544,0,0,
14731, 11.820000, 47.564766, 5.910111, 57.530000, 1.500000, M4V:,0,0,0,
14754, 11.390000, 47.628983, -68.600688, 98.500000, 0.025000, DA,0,0,0,
14879, 3.800000, 48.017833, -28.989106, 70.860000, 0.543000, F8V,03121-2859,HD 20010,HR 963,
15095, 9.170000, 48.685346, -26.446487, 54.480000, 1.235000, K5V,0,0,0,
15220, 10.530000, 49.055581, 58.168170, 74.290000, 1.430000, M2,03162+5810,0,0,
15330, 5.530000, 49.435288, -62.576899, 82.510000, 0.641000, G2V,03180-6232,HD 20766,HR 1006,
15366, 10.290000, 49.529788, 38.253458, 57.750000, 1.449000, M1,0,0,0,
15371, 5.240000, 49.546404, -62.507935, 82.790000, 0.600000, G1V,03180-6232,HD 20807,HR 1010,
15457, 4.840000, 49.839745, 3.369971, 109.180000, 0.681000, G5Vvar,03194+0321,HD 20630,HR 996,
15510, 4.260000, 49.971770, -43.071549, 165.020000, 0.711000, G8V,0,HD 20794,HR 1008,
15638, 11.210000, 50.335030, 79.966565, 72.800000, 1.590000, M2:,0,0,0,
15689, 12.160000, 50.523219, -13.278120, 227.450000, 0.000000, DEFAULT,03221-1316,0,0,
15771, 10.240000, 50.815300, -49.994770, 50.160000, 1.386000, K0,03233-5000,0,0,
15774, 8.580000, 50.820646, -49.992578, 50.640000, 1.068000, K3V,03233-5000,0,0,
15799, 6.900000, 50.896793, -40.076492, 58.530000, 0.840000, K0V,03236-4005,0,0,
15844, 10.380000, 51.026423, 23.785341, 50.540000, 1.510000, M0...,03241+2347,0,0,
15919, 7.860000, 51.249441, -5.361887, 66.150000, 1.153000, K5V,0,0,0,
16069, 8.080000, 51.744825, -63.498499, 61.070000, 1.130000, K5V,03270-6330,0,0,
16134, 8.390000, 51.966971, -19.805221, 79.260000, 1.337000, K5V,0,0,0,
16536, 11.470000, 53.233804, -44.702270, 92.050000, 1.560000, DEFAULT,0,0,0,
16537, 3.720000, 53.235090, -9.458306, 310.750000, 0.881000, K2V,03329-0927,HD 22049,HR 1084,
16711, 8.570000, 53.752434, -48.419889, 74.860000, 1.310000, K7V,0,0,0,
16852, 4.290000, 54.218829, 0.402833, 72.890000, 0.575000, F9V,0,HD 22484,HR 1101,
17378, 3.520000, 55.812317, -9.765199, 110.580000, 0.915000, K0IV,0,HD 23249,HR 1136,
17405, 10.830000, 55.938134, 16.668022, 61.400000, 1.470000, M1,03438+1640,0,0,
17414, 9.990000, 55.968616, 16.672798, 58.090000, 1.420000, M2,03438+1640,0,0,
17420, 7.100000, 55.979798, -19.111280, 71.170000, 0.927000, K2V,0,0,0,
17439, 6.990000, 56.037574, -38.282473, 61.630000, 0.870000, K1V,0,0,0,
17609, 9.610000, 56.582869, 26.215983, 68.620000, 1.437000, K5,0,0,0,
17651, 4.220000, 56.712454, -23.248438, 55.790000, 0.434000, F3/F5V,0,HD 23754,HR 1173,
17695, 11.590000, 56.846817, -1.971542, 61.450000, 1.511000, DEFAULT,0,0,0,
17743, 11.050000, 56.993035, 2.788854, 57.590000, 1.495000, M0V:,0,0,0,
17749, 9.170000, 57.003477, 68.672287, 57.530000, 1.314000, K0,03480+6841,0,0,
17750, 9.410000, 57.005589, 68.676889, 57.530000, 1.530000, M2...,03480+6841,0,0,
18280, 9.020000, 58.647789, -6.827297, 64.900000, 1.366000, M0V,0,0,0,
18450, 8.850000, 59.151386, -41.343795, 56.690000, 1.214000, K5V,0,0,0,
18512, 8.070000, 59.370031, -1.159114, 63.410000, 1.115000, K4V,03575-0110,0,0,
18774, 8.200000, 60.328391, 76.160701, 62.570000, 1.132000, K4V,0,0,0,
18859, 5.380000, 60.652736, -0.268311, 52.000000, 0.516000, F5V,0,0,0,
18915, 8.510000, 60.807338, 35.276595, 54.140000, 0.863000, K1V...,0,0,0,
19076, 5.900000, 61.333956, 22.009222, 59.790000, 0.620000, G5V,04053+2201,HD 25680,HR 1262,
19337, 10.180000, 62.154290, 33.636730, 73.010000, 1.495000, M1,0,0,0,
19394, 11.790000, 62.311021, -53.375113, 66.820000, 1.480000, M,0,0,0,
19422, 7.700000, 62.395493, 69.542118, 54.170000, 0.952000, G5,0,0,0,
19849, 4.430000, 63.823492, -7.644558, 198.240000, 0.820000, K1V,04153-0739,HD 26965,HR 1325,
19884, 7.640000, 63.983899, -53.310771, 76.460000, 1.115000, K5V,0,0,0,
19921, 4.440000, 64.121181, -59.301748, 54.840000, 1.078000, K2IV,04165-5918,HD 27442,HR 1355,
20917, 8.300000, 67.250691, 21.922275, 87.170000, 1.363000, K7V,0,0,0,
20968, 11.420000, 67.437131, -29.026367, 120.700000, 0.646000, DEFAULT,04297-2902,0,0,
21000, 9.830000, 67.552166, 5.298527, 84.760000, 0.600000, F8+...,04302+0518,0,0,
21088, 10.820000, 67.791859, 58.982053, 181.360000, 1.170000, DEFAULT,04312+5858,0,0,
21421, 0.870000, 68.980002, 16.509762, 50.090000, 1.538000, K5III,04359+1631,HD 29139,HR 1457,
21482, 8.100000, 69.200376, 27.132551, 56.020000, 1.104000, K2,0,0,0,
21553, 8.620000, 69.419318, 52.894770, 98.120000, 1.423000, K8V,0,0,0,
21556, 10.340000, 69.425003, -11.038404, 90.230000, 1.505000, M1,0,0,0,
21818, 8.090000, 70.329172, 20.902131, 74.130000, 1.092000, K3V,0,0,0,
21932, 9.950000, 70.730708, 18.960881, 106.160000, 1.523000, M2,0,0,0,
22263, 5.490000, 71.900884, -16.934867, 75.100000, 0.632000, G3V,0,HD 30495,HR 1532,
22449, 3.190000, 72.458909, 6.961247, 124.600000, 0.484000, F6V,04499+0657,HD 30652,HR 1543,
22451, 7.490000, 72.468127, -35.107353, 55.590000, 0.901000, K2V,0,0,0,
22627, 11.940000, 73.023506, 6.477293, 82.520000, 1.590000, M4,0,0,0,
22738, 10.730000, 73.379451, -55.860487, 89.470000, 1.580000, M2Ve,04535-5552,0,0,
22762, 10.900000, 73.457207, -17.771853, 80.890000, 1.547000, M3,0,0,0,
22907, 8.130000, 73.924107, -28.563361, 55.670000, 1.072000, K3/K4V,0,0,0,
23140, 10.970000, 74.689689, 50.944642, 51.510000, 1.432000, M0V:,0,0,0,
23147, 9.800000, 74.710305, 49.849562, 60.480000, 1.413000, M2,0,0,0,
23311, 6.220000, 75.202822, -5.750979, 113.460000, 1.049000, K3V,0,0,0,
23452, 8.310000, 75.618792, -21.256106, 117.380000, 1.430000, M0V,05025-2115,0,0,
23512, 11.710000, 75.834267, -17.372453, 107.860000, 1.661000, K:,0,0,0,
23518, 9.960000, 75.844307, 53.132206, 71.350000, 1.389000, M0,0,0,0,
23693, 4.710000, 76.377877, -57.472989, 85.830000, 0.526000, F7V,0,HD 33262,HR 1674,
23708, 8.980000, 76.447532, -57.554123, 86.760000, 1.386000, K7V,0,0,0,
23835, 4.910000, 76.861150, 18.645007, 63.020000, 0.657000, G4V,05075+1839,HD 32923,HR 1656,
23932, 10.280000, 77.144734, -18.168645, 107.300000, 1.520000, M5,0,0,0,
24186, 8.860000, 77.896720, -45.004487, 255.260000, 1.543000, M0V,0,0,0,
24284, 10.820000, 78.175221, 19.665070, 78.500000, 1.550000, M5,0,0,0,
24608, 0.080000, 79.172065, 45.999029, 77.290000, 0.795000, M1: comp,05168+4559,HD 34029,HR 1708,
24813, 4.690000, 79.783660, 40.100667, 79.080000, 0.630000, G0V,05192+4007,HD 34411,HR 1729,
24819, 7.770000, 79.801038, -3.074141, 59.290000, 1.051000, K3V,05192-0305,0,0,
25119, 7.760000, 80.656077, 2.603529, 50.240000, 0.980000, K3V,05226+0236,0,0,
25220, 7.930000, 80.909276, 17.324131, 69.760000, 1.104000, K2,0,0,0,
25278, 5.000000, 81.105460, 17.383552, 68.190000, 0.544000, F8V SB,05244+1723,HD 35296,HR 1780,
25283, 9.080000, 81.125572, -38.969513, 56.360000, 1.248000, K2,0,0,0,
25421, 7.700000, 81.560701, -32.504544, 55.760000, 0.946000, K2/K3V,0,0,0,
25544, 6.990000, 81.914697, -60.415769, 51.100000, 0.755000, G5V,0,0,0,
25578, 12.480000, 82.001106, 9.645774, 115.040000, 1.653000, M5,0,0,0,
25623, 7.650000, 82.109481, -3.497618, 77.030000, 1.113000, K5V,05284-0331,0,0,
25647, 6.880000, 82.186595, -65.448937, 66.920000, 0.830000, K1III(p),05287-6527,0,0,
25716, 10.550000, 82.362784, 15.577601, 57.500000, 1.500000, M2V:,0,0,0,
25775, 9.720000, 82.558238, -42.696979, 51.560000, 1.343000, M0V,0,0,0,
25878, 7.970000, 82.862294, -3.672142, 175.720000, 1.474000, M1V,05314-0341,0,0,
25953, 11.550000, 83.061511, 9.821341, 78.300000, 1.637000, M4Ve,0,0,0,
26081, 11.530000, 83.437232, 1.945779, 59.450000, 1.576000, M2.5Ve,0,0,0,
26335, 8.780000, 84.129134, 11.328006, 87.900000, 1.415000, K7,0,0,0,
26394, 5.650000, 84.286636, -80.471675, 54.920000, 0.600000, G3IV,0,HD 39091,HR 2022,
26779, 6.210000, 85.334721, 53.482330, 81.690000, 0.840000, K1V,05413+5329,0,0,
26801, 9.780000, 85.378028, 53.491058, 80.130000, 1.473000, M1,05413+5329,0,0,
26857, 11.560000, 85.533636, 12.493155, 172.780000, 1.675000, M5,0,0,0,
27072, 3.590000, 86.116562, -22.447487, 111.490000, 0.481000, F7V,05445-2226,HD 38393,HR 1983,
27188, 9.020000, 86.449596, 62.238686, 73.040000, 1.379000, M0,0,0,0,
27321, 3.850000, 86.821181, -51.066713, 51.870000, 0.171000, A3V,0,HD 39060,HR 2020,
27359, 10.720000, 86.916762, -36.328266, 66.710000, 1.476000, M2,0,0,0,
27435, 5.970000, 87.145434, -4.094087, 64.250000, 0.639000, G4V,0,0,0,
27887, 7.170000, 88.517922, -60.023325, 77.950000, 0.935000, K3V,0,0,0,
27913, 4.390000, 88.596183, 20.276415, 115.430000, 0.594000, G0V,05544+2017,HD 39587,HR 2047,
28035, 10.700000, 88.929199, -26.856481, 68.580000, 1.054000, DEFAULT,0,0,0,
28103, 3.710000, 89.101326, -14.168038, 66.470000, 0.337000, F1V,0,HD 40136,HR 2085,
28368, 10.250000, 89.907265, 58.593628, 73.580000, 1.480000, M1,05597+5835,0,0,
28442, 7.850000, 90.082514, -31.031180, 66.820000, 1.137000, K3/K4V,06003-3103,0,0,
28954, 6.760000, 91.668963, 15.542357, 64.710000, 0.814000, K0,0,0,0,
29052, 11.870000, 91.932734, -25.744368, 87.640000, 1.600000, DEFAULT,0,0,0,
29271, 5.080000, 92.559180, -74.752528, 98.540000, 0.714000, G5V,0,HD 43834,HR 2261,
29277, 10.480000, 92.581806, 82.110003, 106.430000, 1.514000, M3,0,0,0,
29295, 8.150000, 92.644590, -21.862908, 173.190000, 1.487000, M1/M2V,0,0,0,
29316, 10.410000, 92.728196, 10.320318, 92.770000, 1.450000, M3,06109+1019,0,0,
29525, 6.430000, 93.301902, 10.627866, 55.200000, 0.663000, G8V,0,0,0,
29568, 6.370000, 93.438857, -23.862207, 59.900000, 0.713000, G5V,0,0,0,
29800, 5.040000, 94.110708, 12.271710, 51.000000, 0.431000, F5IV-V,06165+1216,HD 43386,HR 2241,
29860, 5.700000, 94.317702, 5.099696, 51.760000, 0.610000, G0.5Vb,06172+0505,0,0,
30630, 6.780000, 96.543012, 18.757303, 68.200000, 0.938000, K0,06262+1845,0,0,
30756, 8.590000, 96.941434, 20.783230, 55.520000, 1.029000, G0,06278+2048,HD 257498,HR ,
30920, 11.120000, 97.345813, -2.812475, 242.890000, 1.690000, M4.5Ve,06294-0249,0,0,
31293, 10.350000, 98.433254, -75.630668, 114.180000, 0.000000, DEFAULT,06337-7538,0,0,
31292, 11.410000, 98.448086, -75.625614, 119.540000, 0.000000, DEFAULT,06337-7538,0,0,
31300, 11.620000, 98.460095, -58.530393, 61.280000, 1.500000, M,0,0,0,
31555, 10.600000, 99.076662, -40.006736, 51.510000, 1.459000, DEFAULT,0,0,0,
31592, 3.950000, 99.170829, -19.255709, 50.410000, 1.037000, K1III+...,0,HD 47205,HR 2429,
31634, 9.610000, 99.296170, -50.038297, 66.110000, 1.456000, K0,06372-5002,0,0,
31635, 9.630000, 99.296945, 17.563995, 101.590000, 1.480000, M1:,06372+1734,0,0,
31862, 9.800000, 99.908534, -55.609704, 76.470000, 1.377000, K7V,0,0,0,
32010, 8.080000, 100.314916, 23.958388, 57.070000, 1.021000, K2,0,0,0,
32349, -1.440000, 101.288541, -16.713143, 379.210000, 0.009000, A0m...,06451-1643,HD 48915,HR 2491,
32362, 3.350000, 101.322640, 12.896055, 57.020000, 0.443000, F5IV,0,HD 48737,HR 2484,
32439, 5.440000, 101.560290, 79.566278, 56.020000, 0.525000, F8V,0,0,0,
32480, 5.240000, 101.684746, 43.577025, 60.560000, 0.575000, G0V,06467+4335,HD 48682,HR 2483,
32560, 12.060000, 101.908993, 37.518133, 64.910000, -0.098000, DAn,0,0,0,
32769, 8.590000, 102.486362, 60.334546, 60.960000, 1.209000, M0p,0,0,0,
32919, 8.950000, 102.885854, 47.369503, 53.120000, 1.232000, K2,0,0,0,
32984, 6.580000, 103.076537, -5.173705, 114.940000, 1.071000, K3V,06523-0511,0,0,
33142, 11.010000, 103.515179, 60.874174, 94.020000, 1.552000, M:,0,0,0,
33226, 9.890000, 103.706105, 33.269146, 181.320000, 1.580000, K:...,0,0,0,
33277, 5.740000, 103.827878, 25.375636, 57.890000, 0.573000, G0V,0,HD 50692,HR 2569,
33428, 9.680000, 104.269297, 30.757035, 53.670000, 1.359000, M0,0,0,0,
33499, 10.810000, 104.447925, -44.291097, 124.620000, 1.636000, M4+...,06578-4417,0,0,
33690, 6.810000, 104.999383, -61.336825, 54.330000, 0.786000, K0IV-V,0,0,0,
33817, 6.710000, 105.306694, -25.948816, 68.420000, 0.882000, K1V,0,0,0,
33955, 8.380000, 105.679315, -6.798464, 53.470000, 1.078000, K5V,0,0,0,
34017, 5.930000, 105.876477, 29.339093, 52.370000, 0.595000, G4V,0,0,0,
34052, 8.670000, 105.959569, -43.562293, 58.890000, 1.180000, K5V...,07039-4336,0,0,
34065, 5.560000, 105.989168, -43.608984, 61.540000, 0.624000, G3V...,07039-4336,0,0,
34069, 6.830000, 105.995851, -43.612283, 66.290000, 0.779000, K0V,07039-4336,0,0,
34104, 10.950000, 106.074082, -10.506827, 64.960000, 1.535000, M5,0,0,0,
34115, 11.950000, 106.105816, 68.288670, 65.440000, 1.527000, M5,0,0,0,
34361, 11.110000, 106.844995, -21.457074, 58.040000, 1.440000, M2V:,0,0,0,
34392, 11.170000, 106.961957, 67.201417, 56.510000, 1.499000, M2,0,0,0,
34603, 11.650000, 107.509005, 38.531765, 157.240000, 1.700000, M5Ve,0,0,0,
34890, 9.080000, 108.280982, -63.346348, 50.020000, 1.255000, K5V,0,0,0,
35136, 5.540000, 108.958805, 47.240416, 59.310000, 0.576000, G0V,0,0,0,
35191, 10.830000, 109.082507, 27.142974, 81.050000, 1.520000, DEFAULT,0,0,0,
35296, 6.700000, 109.373239, -46.980664, 67.690000, 0.975000, K2V,07175-4659,0,0,
35353, 10.300000, 109.534761, 39.275092, 69.210000, 1.508000, M1,0,0,0,
35389, 9.680000, 109.636923, 17.894890, 52.470000, 0.274000, A0,0,0,0,
35495, 10.060000, 109.879108, 32.830931, 50.590000, 1.420000, M2:,0,0,0,
35550, 3.500000, 110.030789, 21.982339, 55.450000, 0.374000, F0IV...,07201+2159,HD 56986,HR 2777,
35821, 10.560000, 110.812486, 46.087991, 61.680000, 1.442000, M2,0,0,0,
36208, 9.840000, 111.850685, 5.234764, 263.260000, 1.573000, M5,0,0,0,
36215, 11.250000, 111.869902, 22.044221, 50.930000, 1.495000, M2,0,0,0,
36338, 11.470000, 112.188260, -3.296227, 79.650000, 1.486000, DEFAULT,0,0,0,
36349, 9.960000, 112.214414, -30.246498, 64.240000, 1.442000, M1V:e...,07289-3015,0,0,
36357, 7.730000, 112.256918, 31.993415, 56.980000, 0.923000, K2V,0,0,0,
36366, 4.160000, 112.277540, 31.784079, 54.060000, 0.320000, F0V...,07290+3147,HD 58946,HR 2852,
36439, 5.350000, 112.482736, 49.672662, 50.250000, 0.470000, F6V,07299+4941,HD 58855,HR 2849,
36627, 11.820000, 112.989645, 36.230455, 87.150000, 1.567000, M4,0,0,0,
36626, 10.520000, 112.991177, 36.219915, 87.610000, 1.439000, M3.5Ve,0,0,0,
36704, 7.680000, 113.252570, 37.029823, 50.800000, 0.863000, G5,0,0,0,
36834, 10.400000, 113.616951, 62.941756, 87.010000, 0.942000, M0,0,0,0,
36850, 1.580000, 113.650019, 31.888636, 63.270000, 0.034000, A2Vm,07346+3153,HD 60179,HR 2891,
36915, 11.360000, 113.841641, 54.849681, 76.310000, 1.591000, M0,0,0,0,
36985, 9.870000, 114.029402, -3.110163, 69.850000, 1.455000, DEFAULT,0,0,0,
37217, 11.680000, 114.669478, -21.223424, 92.150000, 1.588000, M2,0,0,0,
37279, 0.400000, 114.827242, 5.227508, 285.930000, 0.432000, F5IV-V,07393+0514,HD 61421,HR 2943,
37288, 9.660000, 114.846354, 2.184262, 67.270000, 1.379000, M0,0,0,0,
37349, 7.180000, 114.997031, -3.596832, 70.440000, 0.891000, K2V,07400-0336,0,0,
37766, 11.190000, 116.168233, 3.553549, 168.590000, 1.600000, M4.5Ve,0,0,0,
37826, 1.160000, 116.330683, 28.026310, 96.740000, 0.991000, K0IIIvar,07454+2802,HD 62509,HR 2990,
37853, 5.360000, 116.396575, -34.176551, 65.790000, 0.589000, G0V,0,HD 63077,HR 3018,
38082, 11.460000, 117.064513, 20.370537, 70.740000, 1.510000, M2,0,0,0,
38382, 5.160000, 117.943099, -13.897191, 59.980000, 0.600000, G2V,07518-1354,HD 64096,HR 3064,
38423, 5.010000, 118.065846, -34.706021, 55.480000, 0.470000, F3/F5V,07523-3442,HD 64379,HR 3079,
38594, 9.750000, 118.546153, -25.303662, 51.160000, 1.385000, M,0,0,0,
38625, 7.430000, 118.643024, -1.412107, 52.010000, 0.739000, G8V,07546-0125,0,0,
38657, 7.760000, 118.725040, 19.237445, 50.050000, 0.950000, K2,07549+1914,0,0,
38784, 6.550000, 119.078631, 80.265325, 58.670000, 0.719000, G8V,0,0,0,
38908, 5.590000, 119.442936, -60.303361, 61.760000, 0.573000, G2V...,07578-6018,0,0,
38910, 8.830000, 119.451663, -33.952926, 54.620000, 1.136000, K5V,0,0,0,
38931, 8.050000, 119.491156, -0.814425, 57.260000, 1.065000, K5V,07580-0049,0,0,
38939, 8.420000, 119.517233, -25.626031, 54.910000, 1.043000, K3V,0,0,0,
38956, 12.020000, 119.552224, 41.305371, 122.530000, 1.618000, M4V,0,0,0,
39157, 6.970000, 120.134347, 29.215186, 59.520000, 0.716000, G8V,0,0,0,
39342, 7.180000, 120.630893, -66.020622, 57.880000, 0.872000, K1V,0,0,0,
39757, 2.830000, 121.886259, -24.304437, 51.990000, 0.458000, F2mF5IIp,08075-2418,HD 67523,HR 3185,
39826, 9.410000, 122.055717, 21.105931, 58.420000, 1.340000, M:,08082+2106,0,0,
39987, 11.740000, 122.493959, -52.969799, 60.230000, 1.523000, M,0,0,0,
40375, 8.790000, 123.650693, 13.022589, 54.530000, 1.186000, K5,0,0,0,
40501, 10.080000, 124.034170, 1.302427, 109.230000, 1.510000, DEFAULT,0,0,0,
40693, 5.950000, 124.599085, -12.629770, 79.480000, 0.754000, K0V,0,0,0,
40702, 4.050000, 124.630279, -76.919983, 51.400000, 0.413000, F5III,0,HD 71243,HR 3318,
40843, 5.130000, 125.016135, 27.218621, 55.170000, 0.487000, F6V,0,HD 69897,HR 3262,
41554, 10.760000, 127.095210, 35.017255, 51.130000, 1.568000, M0V,08284+3501,0,0,
41689, 10.290000, 127.481976, 61.727499, 52.330000, 1.345000, M0,0,0,0,
41824, 11.900000, 127.907170, 19.394510, 78.050000, 1.850000, M5Ve,0,0,0,
41926, 6.380000, 128.217741, -31.502704, 82.150000, 0.780000, K0V,0,0,0,
42220, 9.280000, 129.112757, 67.294952, 71.960000, 1.417000, M2,08364+6718,0,0,
42267, 11.800000, 129.283480, 15.131487, 52.660000, 1.563000, K:,0,0,0,
42430, 5.050000, 129.783624, -22.662906, 50.200000, 0.720000, G3/G5V,08391-2240,0,0,
42438, 5.630000, 129.798926, 65.020693, 70.070000, 0.618000, G1.5Vb,0,HD 72905,HR 3391,
42499, 7.610000, 129.961904, 11.523887, 53.980000, 0.832000, K1V,08398+1132,0,0,
42748, 9.620000, 130.685015, 9.558240, 74.950000, 1.400000, M0,08427+0933,0,0,
42762, 11.830000, 130.717068, 9.554597, 64.560000, 1.550000, M5,0,0,0,
42808, 6.580000, 130.826066, -38.883208, 89.780000, 0.917000, K2V,0,0,0,
42881, 10.650000, 131.095824, -44.472787, 54.680000, 1.432000, M2V:,08444-4428,0,0,
43510, 11.540000, 132.934769, 18.125105, 55.460000, 1.481000, DEFAULT,0,0,0,
43534, 9.260000, 133.000881, 66.131255, 60.630000, 1.319000, K5,0,0,0,
43587, 5.960000, 133.150554, 28.331388, 79.800000, 0.869000, G8V,0,HD 75732,HR 3522,
43726, 6.010000, 133.575790, -5.434533, 58.500000, 0.661000, G3V,0,0,0,
43948, 10.600000, 134.269615, 11.647756, 60.990000, 1.511000, M5,08571+1139,0,0,
44127, 3.120000, 134.803495, 48.042350, 68.320000, 0.223000, A7IV,08592+4803,HD 76644,HR 3569,
44248, 3.960000, 135.161468, 41.783444, 60.860000, 0.463000, F5V,09007+4147,HD 76943,HR 3579,
44295, 8.670000, 135.323136, 15.266540, 54.570000, 1.285000, M0V:p...,09013+1516,0,0,
44722, 9.500000, 136.689705, -8.807346, 68.860000, 1.418000, M0,0,0,0,
44897, 5.950000, 137.213353, 33.882497, 52.250000, 0.585000, F9V,0,0,0,
45333, 5.180000, 138.585630, 61.423395, 51.120000, 0.605000, F9V,09143+6125,HD 79028,HR 3648,
45343, 7.640000, 138.601122, 52.687993, 161.590000, 1.410000, M0V,09144+5241,0,0,
120005, 7.700000, 138.609130, 52.687971, 159.480000, 1.420000, K2,09144+5241,0,0,
45383, 7.910000, 138.723852, 4.442890, 54.250000, 1.035000, K0,0,0,0,
45617, 7.200000, 139.472596, 28.561751, 57.050000, 0.992000, K3V,09179+2834,0,0,
45908, 9.490000, 140.410794, -60.282395, 95.370000, 1.472000, M0V,0,0,0,
46488, 12.100000, 142.222593, -7.369321, 58.170000, 1.512000, M5,09289-0722,0,0,
46509, 4.590000, 142.286828, -2.768956, 58.480000, 0.411000, F6V,09291-0246,HD 81997,HR 3759,
46580, 7.200000, 142.479667, 5.654867, 78.870000, 1.002000, K3V,0,0,0,
46626, 8.310000, 142.617224, -32.104168, 51.710000, 0.985000, K3/K4V,0,0,0,
46651, 3.600000, 142.675471, -40.466888, 53.890000, 0.371000, F2IV,09307-4028,HD 82434,HR 3786,
46655, 11.710000, 142.687153, 0.324003, 103.560000, 1.588000, K:...,0,0,0,
46706, 10.060000, 142.829160, -13.488834, 94.950000, 1.545000, M2,09313-1329,0,0,
46769, 10.190000, 142.985353, 36.321503, 73.880000, 1.475000, M0,0,0,0,
46816, 7.820000, 143.107149, -11.184720, 54.520000, 0.933000, K0,0,0,0,
46843, 7.050000, 143.182732, 26.989129, 56.350000, 0.779000, K0,0,0,0,
46853, 3.170000, 143.218022, 51.678602, 74.150000, 0.475000, F6IV,09329+5141,HD 82328,HR 3775,
47080, 5.400000, 143.916781, 35.810767, 89.450000, 0.770000, G8IV-V,09357+3549,HD 82885,HR 3815,
47103, 10.910000, 144.006459, -21.658392, 111.410000, 1.572000, K,0,0,0,
47425, 10.720000, 144.944903, -41.068424, 105.340000, 1.521000, M:,0,0,0,
47513, 10.380000, 145.294817, 13.209910, 88.060000, 1.490000, M2,0,0,0,
47592, 4.930000, 145.561131, -23.916209, 67.190000, 0.534000, G0V,0,0,0,
47619, 11.940000, 145.649863, -19.234232, 61.350000, 1.525000, DEFAULT,0,0,0,
47620, 10.560000, 145.649953, 70.034539, 85.140000, 1.463000, M3,0,0,0,
47650, 11.190000, 145.720309, 70.040056, 86.690000, 1.488000, M4,0,0,0,
47690, 8.130000, 145.856799, 42.693568, 56.230000, 1.133000, K5V,0,0,0,
47741, 12.080000, 145.983302, 26.969249, 70.590000, 1.542000, M:,0,0,0,
47780, 10.220000, 146.125932, -45.775089, 101.870000, 1.530000, M1:,0,0,0,
47981, 10.640000, 146.701147, 76.046349, 62.850000, 1.382000, M2,0,0,0,
48113, 5.080000, 147.146604, 46.021233, 54.260000, 0.619000, G2V,0,HD 84737,HR 3881,
48331, 7.670000, 147.777836, -43.501638, 89.670000, 1.156000, K5V,0,0,0,
48336, 10.040000, 147.787337, -12.326313, 73.100000, 1.446000, M0,0,0,0,
48477, 10.530000, 148.299340, -3.688993, 63.810000, 1.503000, M0,0,0,0,
48659, 12.040000, 148.849708, -27.260931, 87.260000, 1.635000, DEFAULT,0,0,0,
48714, 8.990000, 149.037744, 62.789880, 95.400000, 1.438000, M2,0,0,0,
48904, 11.270000, 149.641322, -46.423945, 62.880000, 1.555000, M5,0,0,0,
49081, 5.370000, 150.254251, 31.924715, 67.140000, 0.676000, G1V,10010+3155,HD 86728,HR 3951,
49091, 11.430000, 150.297847, -30.391714, 62.330000, 1.485000, M4,0,0,0,
49189, 10.030000, 150.592936, 48.092386, 67.140000, 1.359000, M2,0,0,0,
49699, 7.560000, 152.179937, 34.242406, 55.370000, 0.965000, K0,0,0,0,
49908, 6.600000, 152.847346, 49.455464, 205.220000, 1.326000, K8V,10114+4927,0,0,
49969, 10.640000, 153.018283, -2.683271, 81.230000, 1.566000, M0,0,0,0,
49973, 9.930000, 153.035309, -18.617728, 58.590000, 1.413000, K7V,0,0,0,
49986, 9.260000, 153.073990, -3.745072, 127.990000, 1.487000, M3,0,0,0,
50341, 10.990000, 154.192490, -11.960310, 72.790000, 1.506000, M0,0,0,0,
50798, 11.490000, 155.582811, -47.972811, 98.170000, 3.500000, DEFAULT,10224-4758,0,0,
50954, 3.990000, 156.098919, -74.031545, 61.670000, 0.369000, F2IV,0,HD 90589,HR 4102,
51007, 10.150000, 156.296867, -10.228987, 80.070000, 1.459000, M0,0,0,0,
51317, 9.650000, 157.232929, 0.842778, 138.290000, 1.507000, M2,0,0,0,
51459, 4.820000, 157.657351, 55.980618, 77.820000, 0.541000, F8V,10306+5559,HD 90839,HR 4112,
51525, 8.850000, 157.852873, 45.527496, 63.810000, 1.330000, K7V,0,0,0,
51547, 9.630000, 157.930401, 57.115443, 57.180000, 1.361000, M0,10317+5706,0,0,
52186, 11.280000, 159.920775, -6.923496, 59.460000, 1.503000, M,0,0,0,
52190, 11.020000, 159.934200, -37.920113, 68.380000, 1.529000, DEFAULT,10397-3755,0,0,
52296, 9.970000, 160.288352, -36.894968, 61.300000, 1.464000, M0V,10412-3654,0,0,
52341, 10.190000, 160.466259, -36.633537, 61.180000, 1.460000, K7V,10419-3638,0,0,
52596, 11.220000, 161.319640, -30.806925, 72.190000, 1.503000, DEFAULT,0,0,0,
52600, 9.160000, 161.339643, 38.511403, 70.870000, 1.416000, M2,10454+3831,0,0,
53020, 11.640000, 162.718905, 6.810117, 177.460000, 1.679000, M4:,0,0,0,
53486, 7.370000, 164.128960, 7.388662, 56.980000, 0.920000, K0,0,0,0,
53721, 5.030000, 164.867566, 40.430123, 71.040000, 0.624000, G0V,0,HD 95128,HR 4277,
53767, 10.030000, 165.018863, 22.833643, 150.960000, 1.525000, M3,0,0,0,
53947, 11.350000, 165.575186, 16.509702, 57.460000, 1.600000, DEFAULT,11023+1630,0,0,
53953, 11.640000, 165.580496, 16.508648, 59.310000, 1.454000, M2V:,11023+1630,0,0,
53985, 9.570000, 165.659384, 21.967264, 85.760000, 1.437000, K,0,0,0,
54035, 7.490000, 165.835884, 35.981464, 392.400000, 1.502000, M2V,11033+3558,0,0,
54211, 8.820000, 166.383858, 43.524484, 206.940000, 1.491000, M2Vvar,0,0,0,
54227, 12.370000, 166.428223, 10.237654, 54.900000, 1.572000, K:,0,0,0,
54298, 11.690000, 166.627862, -53.268859, 155.280000, 0.000000, DEFAULT,11065-5316,0,0,
54373, 10.380000, 166.866031, -19.291377, 53.750000, 1.430000, K5,0,0,0,
54532, 10.440000, 167.382735, -24.597558, 93.560000, 1.529000, M:,0,0,0,
54646, 8.310000, 167.769882, 30.446496, 83.850000, 1.255000, K8V,11110+3028,0,0,
54658, 10.920000, 167.833266, 43.418416, 59.010000, 1.632000, M4,11113+4325,0,0,
54810, 8.700000, 168.305913, 4.482424, 55.720000, 1.179000, K5V,0,0,0,
54872, 2.560000, 168.526717, 20.524034, 56.520000, 0.128000, A4V,11141+2032,HD 97603,HR 4357,
54952, 7.680000, 168.803042, 73.474933, 68.130000, 1.043000, K5,11153+7328,0,0,
55042, 11.660000, 169.012031, -57.550535, 79.710000, 1.490000, M,0,0,0,
55066, 9.980000, 169.092714, -14.693083, 56.870000, 1.401000, K7V,0,0,0,
55119, 9.780000, 169.280716, -27.813347, 56.960000, 1.383000, M0V,0,0,0,
55360, 9.310000, 170.037622, 65.846039, 109.950000, 1.412000, M1Vvar,0,0,0,
55454, 8.570000, 170.360639, -20.453503, 76.000000, 1.340000, K4/K5V,11214-2027,0,0,
55605, 10.370000, 170.873849, 7.025204, 62.030000, 1.240000, M0,0,0,0,
55691, 7.220000, 171.170602, -61.647756, 77.580000, 1.271000, K7V+...,11247-6139,0,0,
55846, 6.490000, 171.690607, 3.012660, 56.590000, 0.778000, K0IV,11268+0300,HD 99491,HR 4414,
55848, 7.580000, 171.694598, 3.005864, 55.590000, 1.002000, K2V,11268+0300,0,0,
56157, 11.980000, 172.675141, -8.095900, 71.640000, 1.548000, DEFAULT,0,0,0,
56238, 10.310000, 172.932344, 22.667061, 61.760000, 1.439000, DEFAULT,0,0,0,
56244, 11.550000, 172.946118, -41.046854, 95.460000, 1.635000, M,0,0,0,
56452, 5.960000, 173.624804, -32.833342, 104.840000, 0.811000, K0V,0,HD 100623,HR 4458,
56466, 11.160000, 173.659773, -23.870158, 56.350000, 1.505000, DEFAULT,0,0,0,
56528, 9.810000, 173.862487, -32.537900, 110.650000, 1.489000, M2V,0,0,0,
56662, 12.490000, 174.271682, 29.799553, 65.280000, -0.072000, DA,0,0,0,
56829, 8.220000, 174.749249, 42.327746, 50.610000, 0.980000, K5V,0,0,0,
56998, 7.770000, 175.262533, -44.405779, 79.910000, 1.064000, K5V,0,0,0,
56997, 5.310000, 175.262605, 34.202560, 104.810000, 0.723000, G8Vvar,11411+3412,HD 101501,HR 4496,
57050, 11.860000, 175.437890, 42.752191, 90.660000, 1.503000, M5,0,0,0,
57087, 10.670000, 175.543787, 26.708548, 97.730000, 1.493000, M3,0,0,0,
57367, 11.500000, 176.413598, -64.840674, 216.400000, 0.196000, DC:,0,0,0,
57443, 4.890000, 176.634363, -40.501335, 108.230000, 0.664000, G3/G5V,0,0,0,
57507, 6.480000, 176.816614, -30.285957, 56.260000, 0.681000, G5V,0,0,0,
57544, 10.800000, 176.913191, 78.689993, 185.480000, 1.572000, M4,0,0,0,
57548, 11.120000, 176.933513, 0.807526, 299.580000, 1.746000, M4.5V,0,0,0,
57632, 2.140000, 177.266160, 14.572337, 90.160000, 0.090000, A3Vvar,11490+1433,HD 102647,HR 4534,
57757, 3.590000, 177.672026, 1.765377, 91.740000, 0.518000, F8V,11507+0146,HD 102870,HR 4540,
57802, 9.760000, 177.781382, 35.271398, 116.920000, 1.477000, M1V,0,0,0,
57939, 6.420000, 178.232568, 37.732808, 109.210000, 0.754000, G8Vp,0,0,0,
58345, 6.990000, 179.487161, -27.705536, 98.160000, 1.128000, K4V,0,0,0,
58576, 5.540000, 180.184864, -10.444839, 77.480000, 0.760000, K0IV,0,0,0,
59072, 4.140000, 181.720220, -64.613639, 50.790000, 0.353000, F2III,12068-6437,HD 105211,HR 4616,
59199, 4.020000, 182.103136, -24.728780, 67.710000, 0.334000, F0IV/V,0,HD 105452,HR 4623,
59406, 11.670000, 182.799548, -19.960127, 78.140000, 1.558000, DEFAULT,0,0,0,
59514, 9.710000, 183.085942, 54.485533, 65.290000, 1.380000, M2,12123+5429,0,0,
60303, 9.360000, 185.474736, 42.135142, 62.540000, 1.354000, M0V,0,0,0,
60398, 11.630000, 185.754394, 64.029918, 55.500000, 1.610000, M4,0,0,0,
60444, 11.190000, 185.886798, 67.188610, 77.010000, 0.000000, DEFAULT,12236+6711,0,0,
60559, 11.280000, 186.215958, -18.236679, 112.520000, 1.574000, M4,0,0,0,
60910, 11.990000, 187.241498, 8.426146, 73.770000, 1.668000, M:,0,0,0,
61094, 9.740000, 187.817419, 8.811870, 74.580000, 1.441000, M0:,0,0,0,
61174, 4.300000, 188.018686, -16.195866, 54.920000, 0.388000, F2V,0,HD 109085,HR 4775,
61291, 7.130000, 188.384424, -68.755049, 61.830000, 0.836000, K0V,0,0,0,
61317, 4.240000, 188.437886, 41.356768, 119.460000, 0.588000, G0V,0,HD 109358,HR 4785,
61413, 11.400000, 188.754047, 9.829266, 55.790000, 1.429000, M4,0,0,0,
61495, 11.090000, 188.993732, -45.937400, 55.290000, 1.482000, M1,0,0,0,
61629, 10.650000, 189.471653, -52.001550, 103.540000, 1.470000, M3,0,0,0,
61706, 11.490000, 189.721374, 11.696761, 65.040000, 1.475000, M4,0,0,0,
61874, 12.240000, 190.195493, -43.568062, 130.520000, 1.750000, M4,0,0,0,
61901, 7.910000, 190.276703, 15.377570, 69.940000, 1.109000, K2,0,0,0,
61941, 2.740000, 190.416676, -1.449522, 84.530000, 0.368000, F0V+...,12417-0127,HD 110379,HR 4825,
62145, 7.010000, 191.062093, 51.759749, 66.400000, 0.936000, K3V,0,0,0,
62207, 5.950000, 191.248651, 39.278578, 57.570000, 0.557000, G0V,0,HD 110897,HR 4845,
62452, 11.390000, 191.988422, 9.752518, 121.780000, 1.563000, M4,0,0,0,
62471, 9.900000, 192.042484, -24.804994, 53.290000, 1.380000, K0,12482-2448,0,0,
62472, 8.900000, 192.045449, -24.807013, 50.310000, 1.149000, K4/K5V,12482-2448,0,0,
62523, 6.290000, 192.196931, 24.840484, 58.230000, 0.703000, G7V,0,0,0,
62556, 10.940000, 192.264096, 66.110441, 98.140000, 1.626000, M4,0,0,0,
62687, 8.490000, 192.681601, -0.767165, 92.750000, 1.409000, M0.5V,0,0,0,
63253, 10.570000, 194.418536, 35.225420, 55.270000, 1.423000, M0Vvar,12577+3514,0,0,
63510, 9.760000, 195.195631, 12.375764, 87.500000, 1.448000, M2,0,0,0,
63550, 10.920000, 195.333970, -63.194052, 59.460000, 1.490000, DEFAULT,0,0,0,
63618, 8.350000, 195.586640, -26.786618, 56.870000, 1.216000, K4V,0,0,0,
63833, 9.050000, 196.242619, -52.440990, 63.660000, 1.362000, K8V,0,0,0,
63942, 9.440000, 196.564287, 20.728997, 53.780000, 1.290000, M0,13063+2044,0,0,
64241, 4.320000, 197.498123, 17.529116, 69.810000, 0.455000, F5V,13100+1732,HD 114378,HR 4968,
64394, 4.230000, 197.970511, 27.876038, 109.230000, 0.572000, G0V,13118+2753,HD 114710,HR 4983,
64583, 4.900000, 198.564284, -59.102859, 55.490000, 0.489000, F7IV,13142-5906,0,0,
64792, 5.190000, 199.194639, 9.423693, 55.710000, 0.585000, G0Vs,13168+0925,HD 115383,HR 5011,
64797, 6.490000, 199.211113, 17.017816, 89.070000, 0.926000, K2V,13169+1701,0,0,
64924, 4.740000, 199.604050, -18.308611, 117.300000, 0.709000, G5V,13185-1818,HD 115617,HR 5019,
65011, 9.480000, 199.888815, 35.112047, 75.960000, 1.470000, M0,13192+3507,0,0,
65012, 12.030000, 199.893457, 35.108948, 55.480000, 1.470000, M3,13192+3507,0,0,
65016, 10.620000, 199.918059, 33.346876, 57.520000, 1.469000, M2,0,0,0,
65026, 8.480000, 199.939904, 47.778072, 96.410000, 1.469000, K0,13198+4747,0,0,
65109, 2.750000, 200.150273, -36.712081, 55.640000, 0.068000, A2V,0,HD 115892,HR 5028,
65143, 10.620000, 200.240447, 34.279667, 62.130000, 1.512000, M0,0,0,0,
65343, 8.880000, 200.887905, 29.236886, 53.970000, 1.321000, K5,13235+2914,0,0,
65352, 7.060000, 200.913111, 2.722842, 62.410000, 0.780000, G5,13237+0243,0,0,
65355, 7.350000, 200.920174, 2.724785, 59.560000, 0.869000, G5,13237+0243,0,0,
65520, 11.040000, 201.454775, -28.373734, 61.500000, 1.522000, M,0,0,0,
65714, 11.230000, 202.087460, -2.359101, 70.620000, 1.539000, M4+...,13284-0222,0,0,
65721, 4.970000, 202.108127, 13.780188, 55.220000, 0.714000, G5V,13285+1346,HD 117176,HR 5072,
65859, 9.050000, 202.496321, 10.379773, 131.120000, 1.493000, M1V,0,0,0,
65877, 12.310000, 202.559554, -8.573703, 55.500000, 0.026000, DA,0,0,0,
66077, 11.380000, 203.185152, 16.811387, 72.660000, 1.540000, M4Ve,13327+1649,0,0,
66125, 9.310000, 203.331910, -77.573215, 52.090000, 0.914000, G,13333-7734,0,0,
66147, 7.980000, 203.386246, 8.586534, 54.150000, 1.026000, K0,0,0,0,
66182, 12.960000, 203.465867, -53.431787, 59.100000, 0.000000, DEFAULT,13339-5326,0,0,
66252, 9.240000, 203.680730, -8.341816, 50.540000, 1.210000, K7V,0,0,0,
66459, 9.060000, 204.368912, 35.717905, 91.720000, 1.391000, M9,0,0,0,
66625, 10.240000, 204.850574, 46.185544, 75.430000, 1.368000, M2,0,0,0,
66675, 9.610000, 205.030653, -4.187276, 68.800000, 1.376000, M0V,0,0,0,
66765, 6.920000, 205.266773, -34.463752, 64.080000, 0.855000, K1V,0,0,0,
66906, 12.030000, 205.680612, 33.291822, 109.890000, 2.400000, M:,0,0,0,
67090, 9.790000, 206.270019, 17.789892, 76.700000, 1.420000, DEFAULT,13454+1746,0,0,
67153, 4.230000, 206.423194, -33.043366, 51.910000, 0.390000, F3V,0,HD 119756,HR 5168,
67155, 8.460000, 206.427930, 14.895057, 184.130000, 1.435000, M3V,0,0,0,
67164, 11.810000, 206.462096, -17.966883, 87.730000, 1.542000, M:,0,0,0,
67275, 4.500000, 206.816819, 17.456774, 64.120000, 0.508000, F7V,13473+1727,HD 120136,HR 5185,
67308, 8.130000, 206.925426, -32.429976, 61.070000, 1.322000, K5/M1V+K5,13477-3226,0,0,
67422, 7.050000, 207.267815, 26.980129, 73.250000, 1.110000, K2,13491+2659,0,0,
67487, 8.160000, 207.441283, -22.109891, 70.490000, 1.257000, K4/K5V,0,0,0,
67593, 13.310000, 207.756010, 23.763626, 76.200000, 0.000000, DEFAULT,13510+2346,0,0,
67620, 6.430000, 207.836251, -24.389772, 50.200000, 0.703000, G5V,0,0,0,
67691, 8.820000, 207.998424, 49.951247, 71.390000, 1.317000, K5,0,0,0,
67742, 7.370000, 208.151710, -50.921604, 60.860000, 0.891000, K1V,13526-5055,0,0,
67927, 2.680000, 208.671318, 18.398587, 88.170000, 0.580000, G0IV,13547+1824,HD 121370,HR 5235,
67960, 9.530000, 208.761421, -29.090286, 59.570000, 1.414000, K5/M0V,13550-2905,0,0,
68184, 6.490000, 209.383737, 61.492335, 98.970000, 1.040000, K3V,0,0,0,
68469, 9.710000, 210.265292, -2.656321, 98.260000, 1.461000, K5,0,0,0,
68570, 10.680000, 210.581522, 13.689978, 51.210000, 1.559000, M0,0,0,0,
68682, 6.270000, 210.884587, 10.787518, 60.240000, 0.733000, G8V,0,0,0,
68933, 2.060000, 211.672186, -36.368696, 53.520000, 1.011000, K0IIIb,14067-3622,HD 123139,HR 5288,
69064, 10.310000, 212.050930, 80.598597, 60.400000, 1.379000, M2,0,0,0,
69285, 10.770000, 212.740331, -31.290634, 58.180000, 0.000000, DEFAULT,0,0,0,
69454, 10.200000, 213.302069, -56.742494, 85.020000, 1.500000, M2V:,0,0,0,
69485, 10.150000, 213.379704, -6.959314, 51.060000, 1.418000, M0,0,0,0,
69526, 8.030000, 213.488945, 30.216761, 57.780000, 1.064000, K5,0,0,0,
69578, 12.100000, 213.628125, -61.799408, 64.680000, 0.000000, DEFAULT,14146-6148,0,0,
69673, -0.050000, 213.918114, 19.187270, 88.850000, 1.239000, K2IIIp,14157+1911,HD 124897,HR 5340,
69824, 10.190000, 214.351439, 45.444521, 53.640000, 1.391000, M0,0,0,0,
69965, 5.870000, 214.754692, -25.816317, 56.230000, 0.518000, F7Vw,14190-2549,0,0,
69972, 6.660000, 214.772314, -59.377068, 84.500000, 1.017000, K3V,0,0,0,
70218, 8.560000, 215.490168, 29.630365, 69.430000, 1.275000, K5V,0,0,0,
70319, 6.250000, 215.813143, 1.242730, 56.820000, 0.639000, G1V,0,0,0,
70475, 12.230000, 216.231920, 8.887235, 69.730000, 1.613000, M:,0,0,0,
70497, 4.040000, 216.300081, 51.851714, 68.630000, 0.497000, F7V,14252+5151,HD 126660,HR 5404,
70529, 9.770000, 216.429043, 23.619794, 59.540000, 1.419000, M1,14258+2337,0,0,
70536, 9.980000, 216.442279, 23.623195, 63.350000, 1.452000, M2,14258+2337,0,0,
70857, 6.880000, 217.344037, 80.810176, 51.040000, 0.774000, G5,0,0,0,
70865, 10.670000, 217.376400, 15.529481, 70.060000, 1.471000, M3,0,0,0,
70890, 11.010000, 217.448948, -62.681352, 772.330000, 1.807000, M5Ve,14396-6050,0,0,
70956, 9.400000, 217.701944, -8.645751, 60.530000, 1.403000, K7V,14308-0839,0,0,
70975, 11.920000, 217.755852, -12.295128, 89.760000, 1.591000, M4,0,0,0,
71181, 7.240000, 218.371054, 52.908188, 74.500000, 0.997000, K3V,0,0,0,
71253, 11.320000, 218.570932, -12.521001, 163.510000, 1.633000, M4,0,0,0,
71284, 4.470000, 218.669544, 29.744807, 64.660000, 0.364000, F3Vwvar,14347+2945,HD 128167,HR 5447,
71395, 7.480000, 219.001830, 9.747125, 60.350000, 0.973000, K0,0,0,0,
71681, 1.350000, 219.914128, -60.839471, 742.120000, 0.900000, K1V,14396-6050,HD 128621,HR 5460,
71683, -0.010000, 219.920410, -60.835147, 742.120000, 0.710000, G2V,14396-6050,HD 128620,HR 5459,
71898, 10.880000, 220.591728, 66.055886, 101.340000, 1.615000, M3,0,0,0,
71908, 3.180000, 220.627854, -64.974570, 60.970000, 0.256000, F1Vp,14425-6459,HD 128898,HR 5463,
71957, 3.870000, 220.764843, -5.657429, 53.540000, 0.385000, F2III,0,HD 129502,HR 5487,
72146, 7.870000, 221.351342, 13.846864, 51.200000, 0.931000, K0,0,0,0,
72237, 9.230000, 221.597285, 16.498939, 56.870000, 1.261000, K5V,0,0,0,
72312, 7.760000, 221.817788, 2.703417, 50.840000, 0.893000, G8V,0,0,0,
72509, 12.070000, 222.386188, -26.111178, 221.800000, 1.524000, M,14495-2606,0,0,
72511, 11.720000, 222.389639, -26.106034, 235.240000, 1.480000, M,14495-2606,0,0,
72567, 5.860000, 222.565495, 23.911765, 55.730000, 0.576000, G2V,0,0,0,
72659, 4.540000, 222.847018, 19.100633, 149.260000, 0.720000, G8V + K4V,14513+1906,HD 131156,HR 5544,
72688, 7.810000, 222.921123, -24.303084, 58.960000, 1.036000, K3V,0,0,0,
72848, 6.000000, 223.350166, 19.152271, 86.690000, 0.841000, K2V,0,0,0,
72896, 11.530000, 223.466268, 23.555517, 97.830000, 0.000000, DEFAULT,14539+2333,0,0,
72944, 10.110000, 223.621123, 16.101359, 101.910000, 1.500000, M2Ve,0,0,0,
73182, 8.010000, 224.358018, -21.407469, 133.630000, 1.519000, K5V,14574-2124,0,0,
73184, 5.720000, 224.363965, -21.411281, 169.320000, 1.024000, K4V,14574-2124,0,0,
73457, 9.490000, 225.180927, -11.133961, 51.260000, 1.372000, K7V,0,0,0,
73470, 9.150000, 225.230747, 45.425308, 85.480000, 1.427000, M0,15009+4526,0,0,
73695, 4.830000, 225.948674, 47.654014, 78.390000, 0.647000, G2V + G2V,15038+4739,HD 133640,HR 5618,
73734, 11.000000, 226.080331, 60.384155, 56.940000, 1.500000, M:,0,0,0,
73786, 9.830000, 226.224510, 5.639331, 52.110000, 1.300000, K5,0,0,0,
73996, 4.930000, 226.824779, 24.869593, 50.700000, 0.429000, F5V,15074+2453,HD 134083,HR 5634,
74190, 11.460000, 227.399766, 3.165650, 68.990000, 1.511000, M:,0,0,0,
74537, 6.580000, 228.465149, -1.350164, 57.800000, 0.763000, K0V,15138-0121,0,0,
74702, 6.920000, 228.996095, 0.796694, 64.190000, 0.830000, K0,0,0,0,
74995, 10.570000, 229.864774, -7.722038, 159.520000, 1.600000, M5,0,0,0,
75181, 5.650000, 230.456556, -48.316959, 68.700000, 0.639000, G2V,0,HD 136352,HR 5699,
75187, 10.660000, 230.470339, 20.977442, 87.790000, 2.100000, M9,0,0,0,
75201, 9.460000, 230.517809, -4.777423, 52.950000, 1.310000, K7V,0,0,0,
75312, 4.990000, 230.800943, 30.288241, 53.700000, 0.577000, G2V,15233+3018,HD 137107,HR 5727,
75718, 6.890000, 232.039869, -9.347186, 50.340000, 0.788000, K2V,15282-0921,0,0,
76074, 9.310000, 233.057690, -41.273086, 168.520000, 1.524000, M0,0,0,0,
76315, 8.390000, 233.832678, 60.087388, 52.430000, 1.063000, K5,15354+6005,0,0,
76362, 11.650000, 233.948503, -80.202303, 99.900000, 0.000000, DEFAULT,15357-8012,0,0,
76779, 8.920000, 235.143630, -18.049246, 63.560000, 1.296000, K5V,0,0,0,
76829, 4.640000, 235.297982, -44.660559, 57.090000, 0.413000, F5IV-V,0,HD 139664,HR 5825,
76832, 12.220000, 235.311248, 75.994636, 76.570000, 1.650000, M4,0,0,0,
76901, 11.830000, 235.532426, -19.469245, 121.860000, 1.591000, M5,0,0,0,
77052, 5.860000, 236.007691, 2.515525, 68.160000, 0.684000, G5V,15439+0230,HD 140538,HR 5853,
77257, 4.420000, 236.611441, 7.353240, 85.080000, 0.604000, G0Vvar,0,HD 141004,HR 5868,
77349, 11.270000, 236.853501, -10.895636, 64.160000, 1.565000, K:...,0,0,0,
77358, 6.010000, 236.872536, -37.915792, 65.600000, 0.715000, G6IV,15475-3755,0,0,
77514, 12.840000, 237.402582, 51.048520, 57.780000, 2.200000, M:,0,0,0,
77760, 4.600000, 238.167477, 42.449988, 63.080000, 0.563000, F9V,0,HD 142373,HR 5914,
77801, 6.070000, 238.300781, 13.197991, 57.270000, 0.598000, G0IV,15533+1312,HD 142267,HR 5911,
77952, 2.830000, 238.786700, -63.429750, 81.240000, 0.315000, F2III,15551-6326,HD 141891,HR 5897,
78072, 3.850000, 239.112476, 15.664733, 89.920000, 0.478000, F6V,15564+1540,HD 142860,HR 5933,
78170, 8.060000, 239.420616, -42.623770, 68.180000, 1.118000, K5V,0,0,0,
78353, 10.490000, 239.971926, -8.253143, 71.840000, 1.497000, M0,0,0,0,
78459, 5.390000, 240.261662, 33.305388, 57.380000, 0.612000, G2V,16011+3318,HD 143761,HR 5968,
78775, 6.660000, 241.238429, 39.156381, 69.610000, 0.734000, G8V,0,0,0,
78843, 7.390000, 241.417861, -20.449186, 53.930000, 1.043000, K3/K4V,0,0,0,
79126, 10.240000, 242.262263, 52.943726, 58.530000, 1.585000, M0,0,0,0,
79190, 7.110000, 242.428905, -56.445962, 69.660000, 0.856000, K3V,0,0,0,
79248, 6.610000, 242.600863, 43.818370, 55.110000, 0.877000, K0V,0,HD 145675,HR ,
79431, 11.340000, 243.173998, -18.874991, 67.130000, 1.486000, DEFAULT,0,0,0,
79537, 7.530000, 243.456198, -57.567081, 72.750000, 0.815000, K0V,0,0,0,
79672, 5.490000, 243.904722, -8.368237, 71.300000, 0.652000, G1V,16156-0822,HD 146233,HR 6060,
79755, 8.610000, 244.181237, 67.238638, 93.790000, 1.409000, M0Vvar,16167+6715,0,0,
79762, 10.690000, 244.191849, 67.256027, 93.140000, 1.500000, M3,16167+6715,0,0,
79979, 7.290000, 244.881178, -30.901917, 56.820000, 0.585000, G1/G2,16195-3054,0,0,
80018, 10.560000, 245.016882, -37.531420, 118.030000, 1.550000, M4,16201-3732,0,0,
80093, 8.990000, 245.219791, 40.961176, 62.860000, 1.286000, M0,0,0,0,
80268, 10.230000, 245.782766, -24.708140, 59.460000, 1.458000, M2,0,0,0,
80300, 11.010000, 245.890749, -39.229490, 78.040000, -0.165000, DA,0,0,0,
80337, 5.370000, 246.005147, -39.192989, 77.690000, 0.625000, G3/G5V,0,0,0,
80346, 10.270000, 246.034662, 48.354004, 124.340000, 1.475000, M3,16258+4821,0,0,
80440, 10.400000, 246.305688, -21.936541, 55.810000, 1.444000, K5,0,0,0,
80459, 10.130000, 246.350796, 54.304518, 151.930000, 1.591000, M2,0,0,0,
80644, 8.830000, 246.987723, 7.306087, 56.430000, 1.253000, K5,0,0,0,
80686, 4.900000, 247.115839, -70.084670, 82.610000, 0.555000, F9V,0,HD 147584,HR 6098,
80725, 6.980000, 247.220327, 18.413117, 51.200000, 0.848000, K2V,16289+1825,0,0,
80824, 10.100000, 247.575478, -12.659714, 234.510000, 1.604000, M4,0,0,0,
81018, 12.130000, 248.190203, 12.613107, 61.080000, 1.470000, K:,0,0,0,
81300, 5.770000, 249.088265, -2.323836, 102.270000, 0.827000, K2V,16363-0220,HD 149661,HR 6171,
81655, 11.450000, 250.204148, 36.316265, 51.880000, 0.000000, DEFAULT,0,0,0,
81693, 2.810000, 250.322821, 31.601887, 92.630000, 0.650000, F9IV,16413+3136,HD 150680,HR 6212,
81935, 7.520000, 251.062630, -38.943489, 69.580000, 1.024000, K2V,0,0,0,
82003, 8.100000, 251.276577, 33.508298, 102.350000, 1.310000, K7V,0,0,0,
82099, 11.740000, 251.558160, 16.479145, 60.340000, 2.400000, M:,0,0,0,
82256, 11.360000, 252.105934, -72.974792, 62.660000, 1.600000, M,0,0,0,
82257, 12.240000, 252.106180, 59.057019, 91.130000, 0.160000, DA,0,0,0,
82283, 10.890000, 252.191520, -15.738397, 55.090000, 1.468000, DEFAULT,0,0,0,
82588, 6.650000, 253.246741, -0.022815, 59.040000, 0.749000, G8V,0,0,0,
82694, 10.750000, 253.551487, 11.913914, 52.430000, 1.405000, M1,0,0,0,
82724, 11.850000, 253.632228, -62.400234, 109.570000, 1.729000, Mp,16545-6224,0,0,
82725, 11.720000, 253.633948, -62.403741, 203.010000, 0.000000, DEFAULT,16545-6224,0,0,
82809, 11.730000, 253.857103, -8.320400, 153.960000, 1.700000, M4,16555-0820,0,0,
82817, 9.020000, 253.871850, -8.334208, 174.230000, 1.553000, M3Ve,16555-0820,0,0,
82834, 9.580000, 253.908105, -32.066900, 53.540000, 1.378000, K4/K5V,0,0,0,
82860, 4.880000, 254.005665, 65.134672, 66.280000, 0.481000, F6Vvar,0,HD 153597,HR 6315,
82926, 11.180000, 254.202161, -39.093660, 68.710000, 1.510000, M3Ve+...,16568-3906,0,0,
83006, 7.930000, 254.426450, 47.361506, 57.130000, 1.004000, K0,16578+4722,0,0,
83020, 7.760000, 254.472112, 47.366027, 55.710000, 0.980000, K0,16578+4722,0,0,
83043, 9.700000, 254.537184, 25.745394, 96.900000, 1.522000, M2,0,0,0,
83101, 8.330000, 254.724355, -39.559092, 52.300000, 1.181000, K3/K4V,16589-3934,0,0,
83389, 6.760000, 255.651241, 47.079804, 55.370000, 0.728000, G8V,0,0,0,
83541, 6.590000, 256.115783, -28.582024, 55.310000, 0.814000, K1V,0,0,0,
83591, 7.700000, 256.266379, -5.063742, 92.980000, 1.100000, K5V,17051-0504,0,0,
83599, 10.080000, 256.309657, -5.091485, 89.700000, 1.476000, M0V,17051-0504,0,0,
83762, 11.610000, 256.782417, 21.554083, 73.940000, 1.560000, M3,0,0,0,
83945, 11.770000, 257.380308, 43.682026, 137.840000, 1.696000, M3,0,0,0,
83990, 7.380000, 257.542776, -60.730205, 73.070000, 0.889000, K0V,0,0,0,
84051, 10.050000, 257.747464, -52.515892, 79.530000, 1.457000, DEFAULT,0,0,0,
84084, 12.250000, 257.852535, -38.409580, 54.250000, 0.000000, DEFAULT,17114-3825,0,0,
84099, 11.540000, 257.894123, 38.442869, 83.130000, 0.000000, DEFAULT,0,0,0,
84123, 11.450000, 257.969061, -1.850972, 92.580000, 1.600000, G,17119-0151,0,0,
84140, 9.310000, 258.031746, 45.669842, 158.170000, 1.485000, K5,17121+4540,0,0,
84277, 12.000000, 258.419683, -8.419775, 52.760000, 1.548000, M1V:,0,0,0,
84405, 4.330000, 258.838697, -26.600049, 167.080000, 0.855000, K2:III:,17155-2635,HD 155885,HR 6401,
84460, 11.010000, 259.002994, 11.058514, 55.240000, 1.773000, M2.5,0,0,0,
84478, 6.330000, 259.056981, -26.543416, 167.560000, 1.144000, K5V,17155-2635,HD 156026,HR ,
84521, 11.490000, 259.171438, 8.058555, 66.920000, 1.517000, M3.5,0,0,0,
84581, 11.090000, 259.347732, -7.876836, 100.890000, 0.000000, DEFAULT,17174-0752,0,0,
84616, 7.930000, 259.460030, 52.447588, 53.970000, 1.019000, K2,0,0,0,
84709, 5.910000, 259.734834, -34.989572, 143.450000, 1.082000, K4V,17190-3459,0,0,
84720, 5.470000, 259.762309, -46.636500, 113.810000, 0.764000, M0V,17191-4638,0,0,
84790, 11.370000, 259.968711, 41.715821, 80.980000, 1.560000, M4,0,0,0,
84794, 11.260000, 259.976450, 26.500000, 83.010000, 1.628000, M4,0,0,0,
84862, 5.380000, 260.164473, 32.470272, 69.480000, 0.619000, G0V,17206+3229,HD 157214,HR 6458,
84893, 4.390000, 260.250876, -21.112435, 57.480000, 0.394000, F2/F3V,17210-2107,HD 156897,HR 6445,
85042, 6.280000, 260.713581, -2.387915, 51.390000, 0.680000, G5IV,0,0,0,
85235, 6.440000, 261.253756, 67.306696, 78.140000, 0.759000, K0V,0,0,0,
85295, 7.540000, 261.439879, 2.114302, 129.540000, 1.359000, K7V,0,0,0,
85523, 9.380000, 262.164404, -46.893052, 220.430000, 1.553000, K5,0,0,0,
85561, 9.610000, 262.278084, -23.835936, 55.030000, 1.272000, K5V,0,0,0,
85605, 11.390000, 262.400787, 24.653221, 202.690000, 1.101000, DEFAULT,17296+2439,0,0,
85647, 9.580000, 262.547699, -51.636525, 61.980000, 1.460000, M0,17302-5138,0,0,
85665, 9.330000, 262.594628, 5.549124, 100.170000, 1.461000, M1V...,17304+0533,0,0,
85667, 5.310000, 262.599465, -1.062504, 60.800000, 0.715000, G8IV-V,17304-0104,0,0,
86032, 2.080000, 263.733353, 12.560576, 69.840000, 0.155000, A5III,17349+1234,HD 159561,HR 6556,
86036, 5.230000, 263.746878, 61.875832, 70.980000, 0.602000, G0V,17351+6152,HD 160269,HR 6573,
86057, 10.130000, 263.806428, -48.681974, 102.300000, 1.543000, K5,0,0,0,
86087, 9.980000, 263.892319, 61.682814, 70.950000, 1.456000, M1,0,0,0,
86141, 8.550000, 264.054938, 71.878447, 52.570000, 1.089000, K5,0,0,0,
86162, 9.150000, 264.110027, 68.342227, 220.850000, 1.505000, M3.5Vvar,17366+6822,0,0,
86214, 10.940000, 264.267668, -44.316935, 198.320000, 1.655000, M5,0,0,0,
86287, 9.620000, 264.469902, 18.589319, 123.020000, 1.530000, M1,0,0,0,
86400, 6.530000, 264.820921, 3.555478, 93.360000, 0.959000, K3V,0,0,0,
86707, 10.680000, 265.752783, 5.789476, 50.800000, 1.507000, M2,17430+0547,0,0,
86736, 4.860000, 265.857729, -21.683086, 57.000000, 0.469000, F6/F7V,0,HD 160915,HR 6595,
86776, 10.490000, 265.983144, 43.380077, 105.390000, 1.528000, M3,0,0,0,
86796, 5.120000, 266.036321, -51.833588, 65.460000, 0.694000, G5V,0,HD 160691,HR 6585,
86961, 10.490000, 266.552763, -32.102773, 161.770000, 1.463000, M2V:,17462-3206,0,0,
86963, 11.390000, 266.560282, -32.101657, 161.770000, 1.439000, M2V:,17462-3206,0,0,
86974, 3.420000, 266.615496, 27.722499, 119.050000, 0.750000, G5IV,17465+2744,HD 161797,HR 6623,
86990, 10.750000, 266.647662, -57.315755, 172.080000, 1.660000, M5,0,0,0,
87937, 9.540000, 269.454023, 4.668288, 549.010000, 1.570000, sdM4,17578+0441,0,0,
87938, 11.790000, 269.462411, 46.587242, 73.750000, 1.560000, M:,0,0,0,
88574, 9.370000, 271.280191, -3.030511, 128.280000, 1.508000, M2V,0,0,0,
88601, 4.030000, 271.363387, 2.502439, 196.620000, 0.860000, K0V SB,18055+0230,HD 165341,HR 6752,
88694, 5.940000, 271.598513, -36.019808, 57.580000, 0.615000, G3V,0,0,0,
88745, 5.050000, 271.756698, 30.561868, 63.880000, 0.528000, F7V,18071+3034,HD 165908,HR 6775,
88972, 6.380000, 272.406883, 38.458915, 90.110000, 0.876000, K2V,0,0,0,
89042, 5.470000, 272.609415, -62.002768, 56.320000, 0.592000, G0V,0,HD 165499,HR 6761,
89211, 8.380000, 273.088688, -43.443833, 77.180000, 1.297000, K7V,0,0,0,
89517, 10.180000, 274.009130, 13.914608, 52.570000, 1.404000, M0,0,0,0,
89560, 10.310000, 274.129571, 45.557033, 58.470000, 1.428000, M0,0,0,0,
89825, 9.660000, 274.961840, -1.938612, 51.810000, 1.350000, K7V,0,0,0,
89937, 3.550000, 275.259746, 72.733698, 124.110000, 0.489000, F7Vvar,18211+7245,HD 170153,HR 6927,
89962, 3.230000, 275.328836, -2.897122, 52.810000, 0.941000, K0III-IV,18214-0253,HD 168723,HR 6869,
90656, 8.040000, 277.467946, -1.817632, 53.300000, 1.074000, K3V,0,0,0,
90790, 6.810000, 277.829359, -18.908339, 75.710000, 0.861000, K1V,0,0,0,
90945, 8.500000, 278.271674, -54.262845, 53.000000, 1.115000, K4Vp...,0,0,0,
91009, 8.200000, 278.481654, 51.719930, 60.900000, 1.265000, K7Vvar,0,0,0,
91128, 9.840000, 278.825052, 45.743155, 64.610000, 1.415000, M2,0,0,0,
91262, 0.030000, 279.234108, 38.782993, 128.930000, -0.001000, A0Vvar,18369+3847,HD 172167,HR 7001,
91430, 11.280000, 279.686160, -14.489180, 78.520000, 1.556000, M1V:,18387-1429,0,0,
91438, 5.850000, 279.722697, -21.051502, 77.020000, 0.673000, G5V,0,0,0,
91608, 10.630000, 280.239019, -13.377978, 61.630000, 1.505000, M,0,0,0,
91699, 11.270000, 280.496840, 31.830469, 88.140000, 1.579000, M4,0,0,0,
91768, 8.940000, 280.700906, 59.626016, 280.280000, 1.504000, K5,18428+5937,0,0,
91772, 9.700000, 280.702124, 59.622361, 284.480000, 1.561000, K5,18428+5937,0,0,
92043, 4.190000, 281.415547, 20.547124, 52.370000, 0.483000, F6V,18457+2033,HD 173667,HR 7061,
92200, 8.810000, 281.863866, -3.639166, 70.800000, 1.295000, K5,0,0,0,
92283, 7.970000, 282.121455, 10.746512, 57.790000, 1.070000, K0,18485+1045,0,0,
92311, 9.170000, 282.217173, 17.439975, 58.600000, 1.284000, M0,0,0,0,
92403, 10.370000, 282.453983, -23.835765, 336.480000, 1.510000, M3.5Ve,0,0,0,
92444, 9.650000, 282.588562, -26.923578, 57.870000, 1.459000, Kp,0,0,0,
92451, 10.740000, 282.610553, -62.051179, 59.940000, 1.480000, M3,18504-6203,0,0,
92573, 10.160000, 282.963837, 16.584454, 64.130000, 1.447000, M2,0,0,0,
92871, 10.100000, 283.863985, 8.402676, 86.270000, 1.539000, M2Ve,0,0,0,
93017, 5.200000, 284.256123, 32.901624, 66.760000, 0.594000, G0V,18570+3254,0,0,
93069, 8.860000, 284.377497, -55.990816, 79.140000, 1.433000, M2V,18575-5600,0,0,
93101, 9.220000, 284.501048, 5.911090, 90.020000, 1.444000, M2V,0,0,0,
93206, 11.130000, 284.780522, -48.273265, 72.070000, 1.446000, M4,0,0,0,
93449, 11.570000, 285.473648, -36.952240, 121.750000, 0.000000, A5IIevar,0,0,0,
93825, 4.230000, 286.604332, -37.062757, 55.890000, 0.523000, F7IV-V,19064-3704,HD 177474,HR 7226,
93858, 6.150000, 286.719180, -37.809767, 58.240000, 0.705000, G8V,0,0,0,
93873, 10.770000, 286.774431, 20.888888, 115.910000, 1.570000, M2,19072+2053,0,0,
93899, 10.760000, 286.806268, 20.877825, 112.820000, 1.570000, M2,19072+2053,0,0,
94346, 7.040000, 288.046334, 57.670989, 50.000000, 0.804000, G8V,0,0,0,
94349, 11.090000, 288.056468, 2.887668, 98.560000, 1.542000, M4,19122+0253,0,0,
94368, 11.310000, 288.106441, -55.868372, 50.040000, 1.450000, M2,0,0,0,
94557, 11.560000, 288.664743, 19.316644, 52.450000, 1.500000, M:,19147+1919,0,0,
94739, 9.380000, 289.178088, -45.888342, 63.430000, 1.432000, K9V...,19167-4553,0,0,
94761, 9.120000, 289.231650, 5.172141, 170.260000, 1.464000, M3.5V,0,0,0,
95071, 12.280000, 290.145663, -7.666291, 89.080000, 0.070000, DAw...,19206-0740,0,0,
95319, 6.370000, 290.891481, 33.221570, 64.540000, 0.804000, G8V,0,0,0,
95326, 12.390000, 290.912225, -39.189160, 77.710000, 0.000000, DEFAULT,19236-3911,0,0,
95447, 5.170000, 291.240710, 11.942851, 66.010000, 0.761000, G8IVvar,19249+1157,HD 182572,HR 7373,
95501, 3.360000, 291.373969, 3.114579, 65.050000, 0.319000, F0IV,19254+0307,HD 182640,HR 7377,
95995, 6.600000, 292.785602, 58.586977, 59.840000, 0.859000, K1V,19311+5835,0,0,
96085, 7.530000, 293.027353, -11.274986, 55.500000, 0.922000, K2V,0,0,0,
96100, 4.670000, 293.085777, 69.665402, 173.410000, 0.786000, K0V,19322+6941,HD 185144,HR 7462,
96285, 9.350000, 293.664720, 4.581758, 69.090000, 1.390000, K5,0,0,0,
96441, 4.490000, 294.110593, 50.220463, 53.780000, 0.395000, F4V,19364+5013,HD 185395,HR 7469,
97241, 10.610000, 296.456145, 32.386651, 87.570000, 0.000000, DEFAULT,19458+3223,0,0,
97292, 9.740000, 296.598373, 32.018005, 74.900000, 1.517000, M1+...,19464+3201,0,0,
97649, 0.760000, 297.694509, 8.867385, 194.440000, 0.221000, A7IV-V,19508+0852,HD 187642,HR 7557,
97675, 5.120000, 297.756251, 10.416054, 51.570000, 0.563000, F8V,19510+1025,HD 187691,HR 7560,
97944, 6.220000, 298.574266, -23.940075, 70.340000, 1.017000, K3/K4V,19543-2356,0,0,
98036, 3.710000, 298.828192, 6.407933, 72.950000, 0.855000, G8IVvar,19553+0625,HD 188512,HR 7602,
98130, 8.420000, 299.153112, -31.335394, 52.110000, 1.025000, K3/K4V,0,0,0,
98204, 9.290000, 299.332077, -12.566738, 52.920000, 1.318000, K4V,0,0,0,
98505, 7.670000, 300.182145, 22.711462, 51.940000, 0.932000, G5,0,0,0,
98677, 7.150000, 300.642720, 15.593490, 51.710000, 0.714000, G7V,0,0,0,
98679, 8.690000, 300.645110, -50.051781, 84.750000, 1.124000, K5V...,20026-5003,0,0,
98681, 9.920000, 300.649392, -50.049377, 84.750000, 0.000000, DEFAULT,20026-5003,0,0,
98698, 7.460000, 300.696244, 3.325895, 76.260000, 1.128000, K4V,0,0,0,
98767, 5.730000, 300.903941, 29.898079, 62.920000, 0.749000, G6IV+...,0,0,0,
98792, 7.280000, 300.969854, 23.342904, 64.170000, 0.815000, K1V,0,0,0,
98819, 5.800000, 301.026938, 17.071161, 56.600000, 0.600000, G1V,20040+1705,HD 190406,HR 7672,
98906, 11.980000, 301.263985, 54.436429, 63.230000, 1.524000, M3,0,0,0,
98921, 6.180000, 301.289946, 38.478186, 52.990000, 0.654000, G5IV,20052+3829,0,0,
98959, 6.070000, 301.381195, -67.319257, 56.450000, 0.648000, G2V,0,0,0,
99150, 12.190000, 301.936585, -31.752160, 68.490000, 1.560000, M,20078-3145,0,0,
99240, 3.550000, 302.174417, -66.179321, 163.730000, 0.751000, G5IV-Vvar,0,HD 190248,HR 7665,
99385, 8.910000, 302.582751, -20.492516, 63.820000, 1.296000, K4Vp,0,0,0,
99427, 8.880000, 302.717774, 77.237726, 59.530000, 1.320000, K5,0,0,0,
99438, 12.180000, 302.737828, -30.217902, 65.060000, 0.070000, DEFAULT,0,0,0,
99461, 5.320000, 302.798368, -36.097384, 165.240000, 0.868000, K2V,20112-3605,0,0,
99701, 7.970000, 303.469802, -45.163632, 161.170000, 1.431000, M0V,0,0,0,
99711, 7.790000, 303.499509, -0.867514, 50.270000, 0.938000, K0,20140-0052,0,0,
99825, 5.730000, 303.819075, -27.032536, 113.330000, 0.878000, K3V,0,0,0,
100017, 5.910000, 304.377635, 66.852966, 56.920000, 0.602000, G3V,0,0,0,
100223, 8.730000, 304.905225, -46.427867, 55.730000, 1.167000, K5V,0,0,0,
100490, 10.600000, 305.671278, -58.284604, 50.360000, 1.455000, M,0,0,0,
100923, 11.410000, 306.924128, -27.745575, 64.930000, 1.504000, M3,0,0,0,
100925, 6.610000, 306.934387, -30.866578, 51.500000, 0.724000, G6/G8V,0,0,0,
101180, 10.540000, 307.630929, 65.448870, 125.620000, 1.542000, M3,0,0,0,
101516, 11.530000, 308.592268, 25.065190, 67.650000, -0.097000, DA,0,0,0,
101955, 7.880000, 309.905018, 4.971854, 53.820000, 1.241000, K5V,20396+0458,0,0,
101997, 6.360000, 310.047652, -23.774987, 68.280000, 0.719000, G8/K0V,0,0,0,
102141, 10.270000, 310.462385, -32.434342, 97.800000, 1.550000, Mpe,20451-3122,0,0,
102186, 8.830000, 310.577930, -52.696672, 82.570000, 1.324000, K7V,0,0,0,
102235, 10.800000, 310.736584, -18.916269, 50.170000, 1.450000, M1:,20429-1855,0,0,
102357, 10.290000, 311.091474, 19.751144, 50.180000, 1.457000, M2,0,0,0,
102401, 10.790000, 311.265601, 44.498410, 80.010000, 1.491000, M3,0,0,0,
102409, 8.810000, 311.288918, -31.340024, 100.590000, 1.470000, M1Ve,20451-3122,0,0,
102422, 3.410000, 311.321953, 61.836794, 69.730000, 0.912000, K0IV,20453+6150,HD 198149,HR 7957,
102485, 4.130000, 311.524025, -25.270517, 68.160000, 0.426000, F5V,0,HD 197692,HR 7936,
103039, 11.410000, 313.138352, -16.974813, 182.150000, 1.653000, DEFAULT,0,0,0,
103096, 8.550000, 313.332453, 62.156272, 141.950000, 1.483000, M2V,20532+6210,0,0,
103388, 11.380000, 314.194247, -10.445807, 67.710000, 1.563000, M4,0,0,0,
103393, 11.870000, 314.200295, -4.846440, 56.560000, 1.490000, M4,0,0,0,
103441, 11.980000, 314.353626, 22.363244, 73.240000, 1.533000, M3,0,0,0,
103655, 10.120000, 315.020326, 40.070879, 66.210000, 1.520000, M3Ve,21001+4004,0,0,
103800, 11.230000, 315.494901, -6.317667, 72.370000, 1.527000, M3,0,0,0,
103859, 7.690000, 315.668411, 45.884428, 51.650000, 0.970000, K2,21028+4552,0,0,
103910, 12.880000, 315.809703, -56.964290, 70.510000, 1.653000, M4,0,0,0,
104059, 11.450000, 316.224748, -16.953917, 52.260000, 1.443000, M3,0,0,0,
104092, 8.270000, 316.332082, 7.070668, 67.380000, 1.119000, K5,21054+0704,0,0,
104214, 5.200000, 316.711813, 38.741494, 287.130000, 1.069000, K5V,21069+3844,HD 201091,HR 8085,
104217, 6.050000, 316.717468, 38.734414, 285.420000, 1.309000, K7V,21069+3844,HD 201092,HR 8086,
104239, 7.120000, 316.792295, -13.922816, 56.670000, 0.901000, K1V,21072-1355,0,0,
104432, 10.870000, 317.320829, -13.297655, 82.330000, 1.490000, M3,0,0,0,
104440, 5.670000, 317.339654, -73.172270, 53.380000, 0.590000, G3IV,21094-7310,0,0,
104644, 11.980000, 317.955813, -43.611973, 69.760000, 1.586000, M1:,0,0,0,
104858, 4.470000, 318.619959, 10.007719, 54.110000, 0.529000, F5V+...,21145+1001,HD 202275,HR 8123,
105038, 7.880000, 319.134920, 9.394115, 61.830000, 1.020000, K2,0,0,0,
105090, 6.690000, 319.323797, -38.864575, 253.370000, 1.397000, M1/M2V,0,0,0,
105152, 8.150000, 319.511255, 0.162033, 52.030000, 0.990000, K2,21181+0010,0,0,
105199, 2.450000, 319.644090, 62.585455, 66.840000, 0.257000, A7IV-V,21186+6236,HD 203280,HR 8162,
105312, 6.560000, 319.941683, -26.352011, 53.400000, 0.737000, G5V,21198-2621,0,0,
105336, 10.900000, 320.043564, -67.651777, 50.150000, 1.450000, DEFAULT,0,0,0,
105341, 9.090000, 320.058036, -19.850532, 61.040000, 1.340000, K5V,0,0,0,
105858, 4.210000, 321.610384, -65.368144, 108.500000, 0.494000, F6V,0,HD 203608,HR 8181,
105932, 11.090000, 321.820166, -6.843302, 61.570000, 1.500000, M0,0,0,0,
106106, 10.330000, 322.400815, 17.642376, 148.290000, 1.620000, M4,0,0,0,
106147, 9.110000, 322.508945, -12.509437, 55.380000, 1.261000, K4/K5V,0,0,0,
106255, 11.960000, 322.824671, -9.790532, 124.820000, 1.703000, M4e...,0,0,0,
106440, 8.660000, 323.391734, -49.007018, 202.530000, 1.521000, M1V,0,0,0,
106557, 12.010000, 323.707952, 51.536348, 57.370000, 1.800000, M:,0,0,0,
106696, 7.140000, 324.170217, -50.844900, 67.850000, 0.879000, K2V,0,0,0,
106811, 9.830000, 324.500307, 27.723926, 76.070000, 1.495000, DEFAULT,21380+2743,0,0,
107350, 5.960000, 326.129960, 14.772215, 54.370000, 0.587000, G0V,0,0,0,
107522, 8.770000, 326.648682, -57.701182, 52.560000, 1.322000, K7V,21466-5742,0,0,
107556, 2.850000, 326.759522, -16.126566, 84.580000, 0.180000, A5mF2 (IV),21470-1607,HD 207098,HR 8322,
107649, 5.570000, 327.065037, -47.302898, 63.950000, 0.601000, G2V,21483-4718,0,0,
107705, 9.530000, 327.271962, -72.101784, 62.000000, 1.420000, M2Ve,21491-7206,0,0,
107711, 11.520000, 327.296375, -41.557870, 74.420000, 1.570000, M6,0,0,0,
108159, 11.990000, 328.689929, -46.991846, 66.120000, 1.560000, M3,0,0,0,
108380, 11.020000, 329.358391, 8.136958, 50.430000, 1.439000, M1V:,0,0,0,
108405, 10.360000, 329.421816, -51.005255, 61.630000, 1.510000, M0,21577-5100,0,0,
108569, 9.740000, 329.890321, -59.752509, 84.260000, 1.479000, M2,0,0,0,
108706, 11.990000, 330.303657, 28.306817, 111.570000, 1.718000, DEFAULT,0,0,0,
108752, 10.650000, 330.453363, 16.467078, 60.940000, 1.498000, M2,0,0,0,
108782, 9.170000, 330.543913, 1.400909, 96.980000, 1.453000, M0,0,0,0,
108870, 4.690000, 330.822665, -56.779806, 275.760000, 1.056000, K5V,0,HD 209100,HR 8387,
109119, 10.200000, 331.549258, 10.091326, 93.810000, 0.668000, A2,22062+1006,0,0,
109176, 3.770000, 331.751977, 25.345046, 85.060000, 0.435000, F5V,22070+2520,HD 210027,HR 8430,
109388, 10.410000, 332.415341, -4.640681, 113.970000, 1.531000, M3,0,0,0,
109422, 4.940000, 332.535348, -32.548440, 53.360000, 0.489000, F6V,0,HD 210302,HR 8447,
109555, 10.250000, 332.874549, 18.425757, 87.420000, 1.465000, M2,0,0,0,
109638, 11.990000, 333.149509, 8.554857, 71.970000, 1.553000, M3,0,0,0,
109812, 10.330000, 333.631476, 27.853898, 50.560000, 1.426000, M0,0,0,0,
110109, 5.360000, 334.563261, -53.625536, 73.470000, 0.614000, G1V,22183-5338,0,0,
110400, 12.110000, 335.429227, -65.526186, 62.400000, 1.653000, M5,0,0,0,
110443, 8.980000, 335.568298, -54.561183, 74.750000, 1.329000, K7V,0,0,0,
110526, 10.700000, 335.870516, 32.459936, 62.180000, 1.570000, M0...,22235+3228,0,0,
110534, 10.820000, 335.886113, -57.219715, 51.570000, 1.470000, K,0,0,0,
110719, 9.350000, 336.484379, -75.014699, 60.240000, 1.120000, DEFAULT,22259-7501,0,0,
110893, 9.590000, 337.001740, 57.697020, 249.520000, 1.613000, M2V,22281+5741,0,0,
110996, 7.650000, 337.312865, -30.016432, 64.740000, 1.080000, K4V,0,0,0,
111313, 10.360000, 338.257950, 9.377634, 78.070000, 1.501000, M0V:,0,0,0,
111391, 11.250000, 338.502307, -25.241691, 63.980000, 1.494000, DEFAULT,0,0,0,
111571, 9.980000, 339.040213, -0.840151, 57.040000, 1.411000, K5,0,0,0,
111685, 9.410000, 339.374534, 39.381839, 52.940000, 1.367000, M2,22375+3923,0,0,
111766, 11.500000, 339.619115, -65.378116, 67.440000, 1.593000, DEFAULT,22384-6523,0,0,
111802, 9.060000, 339.688728, -20.620940, 115.710000, 1.466000, M0Vpe,22388-2037,0,0,
111960, 7.830000, 340.179702, -29.674438, 73.850000, 1.143000, K4/K5V,0,0,0,
112447, 4.200000, 341.672673, 12.174084, 61.540000, 0.502000, F7V,22467+1211,HD 215648,HR 8665,
112460, 10.290000, 341.709612, 44.335108, 198.070000, 1.540000, M4.5Ve,22468+4420,0,0,
112527, 7.530000, 341.886179, 83.696745, 50.150000, 0.867000, K2,0,0,0,
112774, 9.860000, 342.581196, -7.090358, 71.430000, 1.452000, K5,0,0,0,
112800, 11.720000, 342.654607, 34.855291, 52.820000, 1.523000, DEFAULT,0,0,0,
112909, 11.660000, 342.971565, 31.754338, 70.300000, 1.500000, M3.5Ve,0,0,0,
112978, 11.820000, 343.201441, -28.794518, 51.420000, 1.533000, M:,0,0,0,
113020, 10.160000, 343.317316, -14.262058, 212.690000, 1.597000, M5,0,0,0,
113229, 10.420000, 343.949571, -75.456091, 116.020000, 1.485000, K,0,0,0,
113283, 6.480000, 344.099278, -31.565179, 130.940000, 1.094000, K4Vp,0,0,0,
113296, 8.680000, 344.147642, 16.554122, 145.270000, 1.507000, M2:,0,0,0,
113357, 5.450000, 344.366044, 20.768684, 65.100000, 0.666000, G5V,0,HD 217014,HR 8729,
113368, 1.170000, 344.411773, -29.621837, 130.080000, 0.145000, A3V,0,HD 216956,HR 8728,
113421, 6.170000, 344.564770, -2.395346, 50.710000, 0.744000, G8IV,0,0,0,
113576, 7.880000, 345.069549, -22.524488, 122.800000, 1.379000, K5/M0V,0,0,0,
113718, 7.480000, 345.463805, -3.848231, 59.040000, 0.943000, K4V,0,0,0,
114046, 7.350000, 346.446521, -35.856297, 303.900000, 1.483000, M2/M3V,0,0,0,
114110, 12.240000, 346.662032, -14.872397, 216.520000, 0.000000, DEFAULT,23067-1452,0,0,
114176, 12.280000, 346.831366, -32.268199, 147.950000, 0.000000, DEFAULT,23073-3216,0,0,
114233, 10.900000, 347.027813, 3.328368, 63.850000, 1.490000, M1V:,0,0,0,
114242, 10.200000, 347.063380, -24.742920, 50.300000, 1.120000, K4:V:,0,0,0,
114361, 8.290000, 347.422669, -67.732301, 66.360000, 1.201000, K5V,0,0,0,
114411, 11.270000, 347.563666, -25.931366, 63.730000, 1.566000, DEFAULT,0,0,0,
114622, 5.570000, 348.311431, 57.167638, 153.240000, 1.000000, K3Vvar,23132+5709,0,0,
114719, 10.460000, 348.568147, -19.644419, 51.440000, 1.449000, K7V,0,0,0,
115123, 8.930000, 349.772957, -60.520558, 51.970000, 1.154000, K7V,0,0,0,
115147, 7.530000, 349.858401, 79.003344, 50.650000, 0.893000, G9V,23194+7900,0,0,
115332, 11.700000, 350.407402, 17.293747, 93.500000, 1.524000, M:,0,0,0,
115445, 7.800000, 350.769279, -10.764876, 51.370000, 0.881000, K2V,0,0,0,
115562, 10.030000, 351.127425, 57.854996, 76.230000, 1.465000, M2,0,0,0,
116003, 11.090000, 352.555176, -20.390464, 67.570000, 1.500000, M2Ve,0,0,0,
116085, 6.760000, 352.837291, 59.165242, 59.310000, 0.839000, K2V,0,0,0,
116132, 10.050000, 352.965979, 19.937411, 160.060000, 1.190000, M6Ve,23319+1956,0,0,
116215, 8.590000, 353.204960, -16.845112, 71.700000, 1.290000, K5/M0V,23328-1650,0,0,
116317, 11.160000, 353.516308, 0.181689, 71.560000, 1.454000, M3,0,0,0,
116384, 9.590000, 353.750321, 1.605338, 51.800000, 1.329000, M0,0,0,0,
116645, 11.950000, 354.571902, -41.517222, 54.150000, 1.551000, M3,0,0,0,
116727, 3.210000, 354.837425, 77.631967, 72.500000, 1.031000, K1IV,0,HD 222404,HR 8974,
116745, 7.090000, 354.904625, -72.720364, 87.720000, 0.989000, K3V,0,0,0,
116763, 7.180000, 354.963389, -32.742666, 53.520000, 0.802000, K1V,0,0,0,
116771, 4.130000, 354.986751, 5.627354, 72.510000, 0.507000, F7V,23399+0538,HD 222368,HR 8969,
117042, 9.110000, 355.894636, 19.129921, 53.880000, 0.413000, G0,0,0,0,
117059, 13.110000, 355.961965, 32.546461, 60.110000, 1.550000, M5,23438+3233,0,0,
117081, 9.010000, 356.030475, -27.196316, 58.450000, 0.535000, G:+...,23441-2712,0,0,
117197, 9.890000, 356.455211, 36.254934, 50.780000, 1.338000, M0,0,0,0,
117383, 12.060000, 357.010754, 49.015749, 60.560000, 1.630000, M1,0,0,0,
117473, 8.980000, 357.299774, 2.403577, 167.510000, 1.460000, M2V,0,0,0,
117712, 6.360000, 358.102171, 75.544486, 92.680000, 0.977000, K3V,23526+7532,0,0,
117828, 9.990000, 358.456411, -75.631610, 98.430000, 1.466000, M...,0,0,0,
117966, 11.140000, 358.916910, -6.141622, 57.970000, 1.465000, DEFAULT,0,0,0,
118200, 11.780000, 359.635834, 7.659406, 58.620000, 1.500000, M2V:,0,0,0,
118212, 9.570000, 359.678921, 46.729173, 57.620000, 1.355000, M0,0,0,0,
