H|         439| |00 05 20.29|-37 21 06.1| 8.56| |G|001.33455564|-37.35168110| | 229.33| 5634.07|-2337.94|  0.83|  0.68|  1.08|  0.96|  0.79| 0.24|-0.01| 0.01|-0.15|-0.05| 0.02|-0.07|-0.27|-0.15| 0.06|  0|-0.39|   439|10.374|0.030| 8.740|0.014| | 1.462|0.026|G|2.13|0.01|A| | 8.6181|0.0016|0.020|139| | 8.58| 8.65|       |C| | |          | |  | 1| | | |  |   |       |     |     |    | | | |225213|          |C-37 15492|P-37  9435|2.13|M2V         |3 
H|        1242| |00 15 27.67|-16 07 56.3|11.49| |G|003.86528051|-16.13230661| | 191.86|  728.18| -617.48| 12.84| 10.11| 17.24| 18.76| 10.67| 0.37| 0.08|-0.12|-0.22|-0.13| 0.41|-0.12|-0.43| 0.24| 0.25|  4|     |  1242|13.066|0.508|11.817|0.292| | 1.750|0.010|G|3.01|0.03|I| |11.4323|0.0060|0.043| 91| |11.32|11.50|       | | | |          | |  | 1|X| | |  |   |       |     |     |    | |G| |      |          |          |          |3.01|M:          |S 
H|        1475| |00 18 20.54|+44 01 19.0| 8.09|1|G|004.58559067|+44.02195597| | 280.27| 2888.92|  410.58|  0.67|  0.55|  1.05|  0.75|  0.63|-0.02| 0.00| 0.08|-0.28| 0.14|-0.10| 0.12| 0.18| 0.00| 0.06|  0| 0.93|  1475|10.120|0.047| 8.284|0.020| | 1.560|0.040|G|2.48|0.17|I| | 8.1451|0.0013|0.018|144| | 8.12| 8.18|       |U| | |00184+4401|I| 1| 1| | |S|  |   |       |     |     |    | | | |  1326|B+43   44 |          |          |2.48|M1V         |X 
H|        1599| |00 20 01.91|-64 52 39.4| 4.23| |G|005.00797581|-64.87762320| | 116.38| 1707.56| 1165.36|  0.46|  0.51|  0.64|  0.52|  0.58| 0.04|-0.05|-0.39|-0.10|-0.06| 0.14| 0.00| 0.07|-0.04| 0.01|  0|-0.73|  1599|      |     |      |     | | 0.576|0.010|G|0.65|0.02|A| | 4.3443|0.0006|0.005|134| | 4.34| 4.35|       | | | |          | |  | 1| | | |  |   |       |     |     |    |S| | |  1581|          |          |P-65    13|0.65|F9V         |X 
H|        2021| |00 25 39.20|-77 15 18.1| 2.82| |G|006.41334183|-77.25503511| | 133.78| 2220.12|  324.37|  0.42|  0.45|  0.51|  0.48|  0.49| 0.10| 0.09|-0.25|-0.06| 0.01| 0.06| 0.01| 0.03| 0.10| 0.31|  0|-1.44|  2021|      |     |      |     | | 0.618|0.008|G|0.68|0.02|A| | 2.9305|0.0003|0.004|122| | 2.93| 2.94|       | | | |          | |  | 1| | | |  |   |       |     |     |    |S| | |  2151|          |C-77    15|P-77    16|0.68|G2IV        |X 
H|        3765| |00 48 22.53|+05 17 00.2| 5.74| |G|012.09388786|+05.28338873| | 134.04|  758.04|-1141.22|  0.75|  0.58|  0.86|  0.73|  0.57| 0.31| 0.19|-0.01| 0.03| 0.00| 0.06| 0.06|-0.17| 0.21| 0.45|  2| 1.09|  3765| 6.875|0.006| 5.845|0.003| | 0.890|0.008|G|0.97|0.02|A| | 5.8775|0.0009|0.006| 73| | 5.87| 5.89|       |C| | |00483+0516|I| 1| 1| | | |  |   |       |     |     |    |S| | |  4628|B+04  123 |          |          |0.97|K2V         |X 
H|        3821| |00 49 05.10|+57 48 59.6| 3.46|1|H|012.27125262|+57.81654770|A| 167.99| 1087.11| -559.65|  0.44|  0.44|  0.62|  0.44|  0.44|-0.42| 0.04| 0.18|-0.16| 0.19|-0.06| 0.20| 0.02| 0.18|-0.54|  4| 1.86|  3821| 4.158|0.003| 3.520|0.003|A| 0.587|0.003|T|0.66|0.00|L| | 3.5835|0.0024|0.009|229|A| 3.58| 3.63|       |U|2| |00491+5749|I| 2| 2|C| |A|AB|313| 12.490|0.023| 3.78|0.08|S| | |  4614|B+57  150 |          |          |0.65|G0V SB      |G 
H|        3829| |00 49 09.18|+05 23 42.7|12.37| |G|012.28823784|+05.39519773| | 226.95| 1233.05|-2710.56|  4.38|  3.33|  5.35|  4.72|  3.67| 0.40| 0.25| 0.03|-0.06| 0.00|-0.12|-0.03| 0.04|-0.21| 0.33|  7| 1.86|  3829|      |     |      |     | | 0.554|0.003|G|0.49|0.02|A| |12.5592|0.0181|0.112| 59| |12.28|12.81|       | | | |          | |  | 1|G| | |  |   |       |     |     |    | |G| |      |          |          |          |0.49|DG          |S 
H|        4856| |01 02 28.99|+71 40 50.7| 9.98| |G|015.62080367|+71.68074123| | 122.77| 1745.69| -380.43|  0.94|  0.94|  1.23|  1.13|  1.13|-0.17| 0.09| 0.04| 0.23|-0.13|-0.06|-0.12|-0.08| 0.17|-0.23|  1| 0.79|  4856|11.736|0.094|10.133|0.034| | 1.501|0.058|G|2.08|0.45|I| |10.0231|0.0031|0.031|143| | 9.98|10.07|       | | | |          | |  | 1| | | |  |   |       |     |     |    | |G| |      |B+70   68b|          |          |2.08|M3.5e       |S 
H|        5336| |01 08 12.92|+54 55 27.2| 5.17| |G|017.05383776|+54.92422766|+| 132.40| 3421.44|-1599.27|  0.32|  0.35|  0.60|  0.46|  0.37|-0.15| 0.14|-0.14| 0.03|-0.11| 0.08|-0.07|-0.41| 0.19|-0.26|  0|-1.45|  5336|      |     |      |     | | 0.704|0.004|G|0.83|0.02|G| | 5.2898|0.0004|0.006|286| | 5.28| 5.30|       | | | |01080+5455|I| 1| 1|O| | |  |   |       |     |     |    |S| |D|  6582|B+54  223 |          |          |0.83|G5Vp        |X 
H|        5496| |01 10 22.31|-67 26 46.8| 9.80| |G|017.59293817|-67.44634604| | 122.86|  389.20|  571.98|  6.53|  6.50|  7.53|  7.29|  6.79|-0.05|-0.02|-0.05|-0.27| 0.09| 0.14| 0.09|-0.18| 0.00|-0.02|  0|     |  5496|11.841|0.113| 9.987|0.034| | 1.568|0.028|G|2.52|0.12|I| | 9.8136|0.0028|0.020|104| | 9.76| 9.85|       |C| | |          | |  | 1|X| | |  |   |       |     |     |    | | | |      |          |C-68    47|P-68    41|2.52|K           |S 
H|        5643| |01 12 29.90|-17 00 01.9|12.10| |G|018.12459256|-17.00053959| | 269.05| 1210.09|  646.95|  4.30|  4.81|  7.57|  5.21|  3.91| 0.19|-0.10|-0.75|-0.33|-0.30| 0.41|-0.04|-0.62| 0.56| 0.62|  3| 0.61|  5643|      |     |      |     | | 1.850|0.020|G|3.15|0.02|A| |11.9597|0.0125|0.054| 37| |11.86|12.06|       | | | |          | |  | 1| | | |  |   |       |     |     |    | |G| |      |          |          |          |3.15|M5.5Ve      |K 
H|        7751| |01 39 47.24|-56 11 47.2| 5.76| |H|024.94684603|-56.19644067|B| 122.75|  286.10|   16.66|  5.17|  5.55|  1.41|  1.01|  1.41|-0.13| 0.06|-0.01|-0.02|-0.05| 0.01|-0.04| 0.06| 0.13|-0.14|  2|-1.77|  7751| 6.994|0.008| 5.951|0.005|B| 0.880|0.400|G|0.93|0.02|A| | 5.9047|0.0205|0.012|134|B| 5.89| 5.96|       |D| | |01398-5612|I| 1| 2|C| |D|BA| 12| 11.263|0.006| 0.00|0.04|S| |D| 10360|          |C-56   328|P-56   329|0.93|K0V         |S 
H|        7981| |01 42 29.95|+20 16 12.5| 5.24| |G|025.62479083|+20.27015091|+| 133.91| -302.12| -677.40|  1.06|  0.85|  0.91|  1.94|  1.60| 0.27| 0.17|-0.20| 0.38| 0.34|-0.23| 0.17| 0.70|-0.23| 0.52|  0| 1.63|  7981|      |     |      |     | | 0.836|0.008|G|0.88|0.01|G| | 5.3905|0.0010|0.005| 52| | 5.38| 5.41|       | | | |01425+2016|I| 1| 1|O| | |  |   |       |     |     |    |S| | | 10476|B+19  279 |          |          |0.88|K1V         |X 
H|        8102| |01 44 05.13|-15 56 22.4| 3.49| |G|026.02136441|-15.93955597| | 274.17|-1721.82|  854.07|  0.64|  0.62|  0.80|  0.83|  0.80| 0.28|-0.09|-0.20| 0.18| 0.07| 0.00| 0.09| 0.30|-0.13| 0.24|  0| 1.67|  8102|      |     |      |     | | 0.727|0.007|G|0.82|0.02|A| | 3.6295|0.0005|0.004| 73| | 3.62| 3.64|       | | | |01441-1557|I| 1| 1| | | |  |   |       |     |     |    |S| | | 10700|B-16  295 |          |          |0.82|G8V         |4 
H|        8362| |01 47 44.06|+63 51 11.2| 5.63| |G|026.93360110|+63.85310111| | 100.24|  582.05| -246.83|  0.38|  0.47|  0.68|  0.43|  0.55|-0.36| 0.21|-0.09| 0.27|-0.18| 0.07|-0.14| 0.09| 0.18|-0.37|  1|-1.34|  8362| 6.623|0.003| 5.708|0.002| | 0.804|0.010|G|0.81|0.00|G| | 5.7674|0.0008|0.009|201| | 5.75| 5.78|       | | | |01477+6351|I| 1| 1| | | |  |   |       |     |     |    |S| | | 10780|B+63  238 |          |          |0.81|K0V         |X 
H|        9724| |02 05 04.04|-17 36 51.2|10.19| |G|031.26683543|-17.61420901| | 105.94| 1317.53| -173.94|  1.43|  1.17|  2.04|  1.74|  1.37| 0.18|-0.10|-0.31| 0.13|-0.06| 0.13| 0.03| 0.03|-0.18| 0.34|  2| 2.71|  9724|12.306|0.206|10.446|0.062| | 1.514|0.020|G|2.35|0.01|A| |10.2358|0.0033|0.028| 89| |10.19|10.28|       |C| | |          | |  | 1| | | |  |   |       |     |     |    | | | |      |B-18  359 |          |          |2.35|M3          |S 
H|        9786| |02 05 48.91|-30 10 36.8|12.15| |G|031.45378802|-30.17689282| | 105.64| -527.75|  100.08|  2.41|  1.99|  3.00|  3.20|  2.10| 0.10| 0.02|-0.13| 0.11| 0.07| 0.10| 0.07| 0.13|-0.14| 0.24|  2| 1.13|  9786|      |     |      |     | | 1.719|0.032|G|2.93|0.09|I| |12.2201|0.0091|0.060|105| |12.11|12.32|       | | | |          | |  | 1| | | |  |   |       |     |     |    | |G| |      |          |C-30   731|          |2.93|K:...       |S 
H|       12114| |02 36 03.83|+06 53 00.1| 5.79| |G|039.01596864|+06.88336423| | 138.72| 1806.27| 1442.50|  1.02|  0.70|  1.04|  2.09|  0.97|-0.08| 0.11|-0.19|-0.34| 0.48|-0.27| 0.38|-0.31| 0.02|-0.44|  0| 2.31| 12114|      |     |      |     | | 0.918|0.019|G|1.06|0.02|A| | 5.9524|0.0011|0.008| 50| | 5.94| 5.97|       | | | |02361+0653|I| 1| 1| | | |  |   |       |     |     |    |S| | | 16160|B+06  398 |          |          |1.06|K3V         |X 
H|       12781| |02 44 14.95|+25 31 27.3|10.55| |H|041.06229453|+25.52424901|*| 132.42|  864.77| -367.17|  2.45|  1.64|  2.48|  2.37|  1.69| 0.25|-0.03| 0.10| 0.19|-0.07|-0.24|-0.21|-0.19| 0.33|-0.13|  0| 0.79| 12781|      |     |      |     | | 1.530|0.510|G|2.35|0.64|K| |10.5886|0.0046|0.035| 71| |10.54|10.65|       | | | |          | |  | 1|V| | |  |   |       |     |     |    | |G| |      |          |          |          |2.35|M3.5Ve      |K 
H|       14559|T|03 07 57.95|-28 13 15.5|11.72| |H|046.99144229|-28.22097006|B| 114.73| -156.07| -146.48| 60.96| 51.41| 33.98| 36.75| 33.14| 0.06| 0.16|-0.14| 0.12|-0.24| 0.04|-0.22|-0.21|-0.16| 0.28|  6| 1.65| 14559|      |     |      |     | |     0|     | |    |    |T| |12.4474|0.1935|     |   |B|     |     |       |D| | |03079-2813|I| 2| 1|C|I|D|  |   |       |     |     |    | | |D|      |          |          |          |0.74|            |  
H|       15457| |03 19 21.54|+03 22 11.9| 4.84|1|H|049.83974536|+03.36997055| | 109.18|  268.88|   93.53|  0.66|  0.50|  0.78|  0.77|  0.68| 0.14| 0.23|-0.11| 0.07| 0.10| 0.00| 0.02|-0.01|-0.32| 0.10|  0| 0.64| 15457| 5.678|0.004| 4.922|0.003| | 0.681|0.006|G|0.73|0.02|A| | 4.9768|0.0022|0.014| 70| | 4.96| 5.00|   9.09|P|1|A|03194+0321|I| 1| 1| | | |  |   |       |     |     |    |S| |P| 20630|B+02  518 |          |          |0.73|G5Vvar      |X 
H|       15510| |03 19 53.22|-43 04 17.6| 4.26| |G|049.97177014|-43.07154929| | 165.02| 3038.08|  726.34|  0.44|  0.45|  0.55|  0.51|  0.52|-0.07|-0.02|-0.14|-0.01| 0.13|-0.12| 0.11| 0.00|-0.16| 0.15|  0|-0.43| 15510|      |     |      |     | | 0.711|0.005|G|0.79|0.02|A| | 4.3950|0.0004|0.005|124| | 4.39| 4.41|       |C| | |          | |  | 1| | | |  |   |       |     |     |    |S| | | 20794|          |C-43  1028|P-43   354|0.79|G8V         |X 
H|       15689| |03 22 05.57|-13 16 41.2|12.16| |H|050.52321876|-13.27811998|B| 227.45| -112.94| -299.04| 88.04| 66.08| 61.79| 62.48| 56.70| 0.05| 0.16| 0.03|-0.34| 0.09|-0.30| 0.09|-0.22|-0.12| 0.37|  0| 0.55| 15689|      |     |      |     | |     0|     | |    |    |T| |11.5267|0.3083|     |   |B|     |     |       |D| | |03221-1316|I| 2| 1|C|I|D|  |   |       |     |     |    | | |D|      |          |          |          |0.73|            |  
H|       16537| |03 32 56.42|-09 27 29.9| 3.72|1|H|053.23509009|-09.45830584| | 310.75| -976.44|   17.97|  0.77|  0.60|  0.85|  0.98|  0.91| 0.18| 0.14|-0.22| 0.10|-0.20| 0.03|-0.16|-0.33| 0.00| 0.33|  0| 0.88| 16537| 4.859|0.004| 3.827|0.003| | 0.881|0.007|G|0.94|0.02|A| | 3.8652|0.0014|0.007| 71| | 3.86| 3.88|       |M| | |03329-0927|I| 1| 1| | | |  |   |       |     |     |    |S| |P| 22049|B-09  697 |          |          |0.94|K2V         |X 
H|       17378| |03 43 14.96|-09 45 54.7| 3.52| |H|055.81231706|-09.76519868| | 110.58|  -91.71|  742.23|  0.74|  0.59|  0.88|  0.98|  0.92| 0.08| 0.19|-0.30| 0.18|-0.18| 0.17|-0.08|-0.14| 0.22| 0.33|  3|-0.82| 17378| 4.708|0.004| 3.631|0.003| | 0.915|0.018|G|0.94|0.02|A| | 3.6796|0.0005|0.005| 60| | 3.67| 3.69|       |C| | |          | |  | 1| | | |  |   |       |     |     |    |S| | | 23249|B-10  728 |          |          |0.94|K0IV        |X 
H|       19849| |04 15 17.64|-07 38 40.4| 4.43|1|G|063.82349230|-07.64455846| | 198.24|-2239.33|-3419.86|  0.67|  0.50|  0.84|  0.79|  0.73| 0.31| 0.40| 0.08| 0.17| 0.07| 0.01|-0.07| 0.10|-0.31| 0.16|  0| 1.31| 19849|      |     |      |     | | 0.820|0.000|G|0.89|0.02|A| | 4.5615|0.0009|0.006| 85| | 4.55| 4.59|       |U|2| |04153-0739|I| 1| 1| | | |  |   |       |     |     |    |S| | | 26965|B-07  780 |          |          |0.89|K1V         |X 
H|       20968| |04 29 44.91|-29 01 34.9|11.42| |H|067.43713116|-29.02636695|B| 120.70|  -58.31| -283.12| 67.52| 86.47| 56.47| 44.96| 61.11|-0.17|-0.03|-0.08| 0.04|-0.11| 0.15|-0.10|-0.09| 0.03|-0.12|  3| 0.79| 20968|11.599|0.093|10.898|0.075|B| 0.646|0.097|T|0.71|0.09|L| |10.8869|0.3448|     |   |B|     |     |       |D| | |04297-2902|I| 2| 1|C|I|C|  |   |       |     |     |    | | | |      |          |          |          |0.75|            |  
H|       21088|H|04 31 10.05|+58 58 55.4|10.82| |G|067.79185895|+58.98205252|A| 181.36| 1300.21|-2048.99|  3.81|  2.80|  3.67|  4.27|  3.10|-0.46| 0.07|-0.08|-0.30| 0.30| 0.37| 0.33|-0.10|-0.16|-0.33|  1| 0.07| 21088|      |     |      |     | | 1.170|0.042|G|1.13|0.04|R|*|10.7934|0.0041|0.030| 75|*|10.74|10.85|       |D| | |04312+5858|I| 1| 2|C| |D|AB| 69|  8.350|0.024| 1.42|0.09| |G|D|      |          |          |          |1.13|            |  
H|       21932| |04 42 55.37|+18 57 39.2| 9.95| |G|070.73070762|+18.96088078| | 106.16|  659.83|-1114.72|  2.43|  1.47|  2.51|  3.15|  2.05| 0.37| 0.30|-0.16|-0.37|-0.27|-0.03|-0.35|-0.08|-0.11| 0.61|  0| 0.79| 21932|      |     |      |     | | 1.523|0.025|G|2.25|0.19|I| |10.0029|0.0042|0.028| 51| | 9.96|10.06|       | | | |          | |  | 1| | | |  |   |       |     |     |    | |G| |285968|B+18  683 |          |          |2.25|M2          |S 
H|       22449| |04 49 50.14|+06 57 40.5| 3.19| |G|072.45890935|+06.96124744| | 124.60|  463.44|   11.62|  0.84|  0.60|  0.95|  0.93|  0.77| 0.40| 0.47| 0.00| 0.22| 0.24|-0.02| 0.16| 0.51|-0.04| 0.54|  0|-0.04| 22449| 3.745|0.003| 3.241|0.003| | 0.484|0.003|T|0.53|0.02|A| | 3.2862|0.0005|0.004| 64| | 3.28| 3.29|       |C| | |04499+0657|I| 1| 1| | | |  |   |       |     |     |    |S| | | 30652|B+06  762 |          |          |0.53|F6V         |X 
H|       23311| |05 00 48.68|-05 45 03.5| 6.22| |H|075.20282168|-05.75097923| | 113.46|  550.74|-1109.30|  0.73|  0.53|  0.82|  1.00|  0.68| 0.02| 0.12|-0.21| 0.34| 0.08|-0.10| 0.05| 0.35|-0.10| 0.02|  0| 0.69| 23311| 7.609|0.010| 6.344|0.007| | 1.049|0.011|G|1.10|0.02|A| | 6.3630|0.0009|0.006| 65| | 6.35| 6.37|       |C| | |          | |  | 1| | | |  |   |       |     |     |    |S| | | 32147|B-05 1123 |          |          |1.10|K3V         |X 
H|       23452|H|05 02 28.51|-21 15 22.0| 8.31| |G|075.61879215|-21.25610576|A| 117.38| -141.55| -221.74|  1.34|  1.42|  1.81|  1.28|  1.38|-0.15| 0.05|-0.32| 0.07|-0.16| 0.13|-0.15| 0.10|-0.29|-0.47|  0| 2.21| 23452|10.229|0.026| 8.566|0.012|*| 1.430|0.011|G|1.81|0.02|A|*| 8.3933|0.0016|0.017|106|*| 8.36| 8.43|       |D| | |05025-2115|I| 1| 2|C| |A|AB| 43|  1.007|0.011| 2.06|0.04| | | | 32450|B-21 1051 |          |          |1.81|M0V         |4 
H|       23512| |05 03 20.22|-17 22 20.8|11.71| |G|075.83426652|-17.37245290| | 107.86| -226.25| -447.88|  2.21|  1.88|  2.95|  2.47|  2.25|-0.08| 0.23|-0.05|-0.33|-0.08| 0.15|-0.04|-0.07|-0.24|-0.38|  2|-1.35| 23512|      |     |      |     | | 1.661|0.020|G|2.76|0.06|I| |11.7522|0.0068|0.061| 92| |11.67|11.84|       | | | |          | |  | 1| | | |  |   |       |     |     |    | |D| |      |          |          |          |2.76|K:          |S 
H|       23932| |05 08 34.74|-18 10 07.1|10.28| |G|077.14473389|-18.16864510| | 107.30|  503.75|-1400.17|  1.26|  1.34|  2.00|  1.24|  1.45|-0.06| 0.26|-0.26|-0.26|-0.15| 0.09|-0.15| 0.03|-0.26|-0.22|  0| 0.29| 23932|      |     |      |     | | 1.520|0.013|G|2.64|0.00|A| |10.2527|0.0044|0.035| 97| |10.20|10.31|       | | | |          | |  | 1| | | |  |   |       |     |     |    | |G| |      |          |          |          |2.64|M5          |S 
H|       24186| |05 11 35.21|-45 00 16.2| 8.86|2|G|077.89672045|-45.00448677| | 255.26| 6506.05|-5731.39|  0.74|  0.77|  0.86|  0.95|  0.90|-0.10| 0.17|-0.06|-0.10|-0.09| 0.00|-0.05|-0.02| 0.07|-0.23|  0| 0.54| 24186|      |     |      |     | | 1.543|0.020|G|1.96|0.00|A| | 8.9320|0.0025|0.028| 94| | 8.90| 9.22|       |U|2| |          | |  | 1| | | |  |   |       |     |     |    | | | | 33793|          |C-45  1841|P-44   612|1.96|M0V         |X 
H|       25578| |05 28 00.27|+09 38 44.8|12.48| |G|082.00110606|+09.64577431| | 115.04| -194.06| -759.52|  4.91|  2.62|  5.22|  4.80|  2.74| 0.23| 0.51| 0.01|-0.15| 0.09| 0.00| 0.02| 0.39|-0.04| 0.33|  0| 1.09| 25578|      |     |      |     | | 1.653|0.010|G|2.69|0.02|A| |12.4665|0.0130|0.082| 63| |12.24|12.61|       | | | |          | |  | 1| | | |  |   |       |     |     |    | |D| |      |          |          |          |2.69|M5          |S 
H|       25878| |05 31 26.95|-03 40 19.7| 7.97| |G|082.86229396|-03.67214214| | 175.72|  763.05|-2092.89|  0.93|  0.65|  1.20|  1.15|  0.73| 0.10| 0.22|-0.13| 0.06| 0.04| 0.03|-0.02| 0.23|-0.26| 0.14|  2| 1.89| 25878| 9.844|0.024| 8.144|0.011| | 1.474|0.009|G|2.08|0.01|A| | 8.0146|0.0017|0.017| 89| | 7.99| 8.04|       | | | |05314-0341|I| 1| 1| | | |  |   |       |     |     |    | | | | 36395|B-03 1123 |          |          |2.08|M1V         |X 
H|       26857| |05 42 08.07|+12 29 35.4|11.56| |G|085.53363564|+12.49315500| | 172.78| 1999.05|-1570.64|  3.23|  1.83|  3.88|  2.67|  1.67|-0.24| 0.55|-0.38|-0.25|-0.17| 0.10| 0.03|-0.65| 0.23| 0.03|  0| 0.71| 26857|      |     |      |     | | 1.675|0.032|G|2.83|0.02|A| |11.4553|0.0059|0.047|107| |11.37|11.53|       | | | |          | |  | 1| | | |  |   |       |     |     |    | |D| |      |          |          |          |2.83|M5          |S 
H|       27072| |05 44 27.97|-22 26 51.0| 3.59| |G|086.11656241|-22.44748663| | 111.49| -292.42| -368.45|  0.38|  0.43|  0.60|  0.43|  0.44| 0.02| 0.23|-0.09|-0.13|-0.27| 0.04|-0.20|-0.05| 0.06|-0.12|  0|-1.47| 27072| 4.180|0.003| 3.650|0.002| | 0.481|0.011|G|0.57|0.02|A| | 3.6977|0.0004|0.004|160| | 3.69| 3.71|       | | | |05445-2226|I| 1| 1| | | |  |   |       |     |     |    |S| | | 38393|B-22 1211 |C-22  2438|P-22   886|0.57|F7V         |4 
H|       27913| |05 54 23.08|+20 16 35.1| 4.39|1|H|088.59618305|+20.27641498| | 115.43| -163.17|  -98.92|  1.04|  0.61|  1.08|  1.06|  0.60| 0.35| 0.40|-0.25|-0.35|-0.59| 0.22|-0.44|-0.70| 0.13| 0.59|  0|-1.44| 27913| 5.125|0.003| 4.466|0.003| | 0.594|0.008|G|0.66|0.02|G| | 4.5219|0.0010|0.010| 95| | 4.51| 4.54|       |M| | |05544+2017|I| 1| 1| | | |  |   |       |     |     |    |S| | | 39587|B+20 1162 |          |          |0.66|G0V         |X 
H|       29277| |06 10 19.63|+82 06 36.0|10.48| |G|092.58180602|+82.11000311| | 106.43|   50.26|-1336.86|  1.12|  1.09|  1.44|  1.24|  1.22| 0.04| 0.35| 0.02|-0.15| 0.00| 0.15|-0.02|-0.12|-0.01| 0.18|  0|-0.48| 29277|12.214|0.154|10.577|0.057| | 1.514|0.014|G|2.18|0.11|I| |10.5165|0.0037|0.033|109| |10.46|10.57|       | | | |          | |  | 1| | | |  |   |       |     |     |    | |G| |      |          |          |          |2.18|M3          |S 
H|       29295| |06 10 34.70|-21 51 46.5| 8.15| |G|092.64458964|-21.86290752| | 173.19| -137.01| -714.06|  0.51|  0.77|  1.12|  0.61|  0.89|-0.24| 0.06|-0.11| 0.28|-0.09|-0.14|-0.11|-0.04| 0.27|-0.37|  0|-0.02| 29295|10.001|0.018| 8.346|0.009| | 1.487|0.008|G|2.01|0.02|A| | 8.1993|0.0012|0.016|183| | 8.17| 8.23|       | | | |          | |  | 1| | | |  |   |       |     |     |    | | | | 42581|B-21 1377 |          |          |2.01|M1/M2V      |4 
H|       30920| |06 29 23.00|-02 48 44.9|11.12| |G|097.34581300|-02.81247539| | 242.89|  694.73| -618.62|  2.11|  2.03|  2.64|  3.00|  2.48| 0.24| 0.16|-0.44|-0.45|-0.27|-0.24|-0.41|-0.41|-0.05| 0.53|  0| 0.58| 30920|      |     |      |     | | 1.690|0.020|G|3.04|0.02|A| |10.9842|0.0055|0.034| 63| |10.93|11.04|       |C| | |06294-0249|I| 1| 1|G| | |  |   |       |     |     |    | |G| |      |          |          |          |3.04|M4.5Ve      |K 
H|       31293| |06 33 43.98|-75 37 50.4|10.35|2|H|098.43325369|-75.63066752|A| 114.18| -290.42|  278.52|  4.02|  3.62|  3.18|  3.40|  3.80|-0.05| 0.36|-0.07|-0.04|-0.05| 0.02|-0.04| 0.00| 0.02|-0.14|  0| 0.26| 31293|12.290|0.220|10.556|0.067|A|     0|     | |    |    |T| |10.4985|0.0409|0.079| 94|A|10.31|10.58|       |U| | |06337-7538|M| 2| 1|C|P|D|  |   |       |     |     |    | |G|D|      |          |          |          |0.74|            |  
H|       31292| |06 33 47.54|-75 37 32.2|11.41|3|H|098.44808629|-75.62561416|B| 119.54| -308.79|  256.54| 28.23| 25.04| 13.42| 14.37| 16.07|-0.06| 0.37| 0.00|-0.04|-0.06| 0.04|-0.04| 0.08| 0.03|-0.16|  0| 0.26| 31292|      |     |      |     | |     0|     | |    |    |T| |11.4903|0.0817|     |   |B|     |     |       |U| | |06337-7538|M| 2| 1|C|I|D|  |   |       |     |     |    | | |D|      |          |          |          |0.75|            |  
H|       31635| |06 37 11.27|+17 33 50.4| 9.63| |G|099.29694468|+17.56399483| | 101.59| -775.53|  331.80|  2.87|  2.12|  2.35|  3.06|  2.39|-0.29| 0.40|-0.18|-0.64| 0.20| 0.06| 0.20|-0.77| 0.01|-0.23|  0| 1.55| 31635|      |     |      |     | | 1.480|0.019|G|1.95|0.11|I| | 9.6950|0.0050|0.021| 35| | 9.67| 9.73|       | | | |06372+1734|I| 1| 1| | |S|  |   |       |     |     |    | |G| |260655|B+17 1320 |          |          |1.95|M1:         |S 
H|       32349| |06 45 09.25|-16 42 47.3|-1.44|2|G|101.28854105|-16.71314306|+| 379.21| -546.01|-1223.08|  1.21|  1.04|  1.58|  1.33|  1.24| 0.05| 0.22|-0.30|-0.50| 0.13|-0.31| 0.12|-0.54| 0.32|-0.05|  0|     | 32349|      |     |      |     | | 0.009|0.007|G|-.02|0.00|A| |-1.0876|0.0024|0.040|159| |-1.17|-0.98|       |U| | |06451-1643|I| 1| 1|O| | |  |   |       |     |     |    |S| |X| 48915|B-16 1591 |          |          |-.02|A0m...      |4 
H|       32984| |06 52 18.37|-05 10 25.3| 6.58| |H|103.07653738|-05.17370508| | 114.94| -544.41|   -3.30|  0.72|  0.54|  0.86|  0.79|  0.61|-0.10| 0.26|-0.37|-0.34|-0.06|-0.07|-0.02|-0.39| 0.25|-0.08|  0| 2.95| 32984| 7.969|0.009| 6.706|0.005| | 1.071|0.008|T|1.04|0.01|L| | 6.7196|0.0008|0.007| 87| | 6.71| 6.73|       |C| | |06523-0511|I| 1| 1| | | |  |   |       |     |     |    |S| | | 50281|B-05 1844 |          |          |1.14|K3V         |X 
H|       33226| |06 54 49.47|+33 16 08.9| 9.89| |G|103.70610465|+33.26914569| | 181.32| -729.33| -399.31|  1.67|  0.87|  1.87|  2.06|  1.33| 0.05| 0.45|-0.18|-0.01|-0.12| 0.00| 0.07|-0.45| 0.23| 0.33|  0|-0.23| 33226|      |     |      |     | | 1.580|0.040|G|2.56|0.09|I| |10.0119|0.0032|0.025| 73| | 9.97|10.05|       |C| | |          | |  | 1| | | |  |   |       |     |     |    | |G| |265866|          |          |          |2.56|K:...       |S 
H|       33499|H|06 57 47.50|-44 17 27.9|10.81| |G|104.44792505|-44.29109677|A| 124.62|-1102.25|  -42.57|  3.67|  4.91|  2.64|  3.47|  4.58|-0.11| 0.09| 0.00|-0.17| 0.00|-0.12| 0.03|-0.21| 0.12|-0.12|  7| 0.38| 33499|      |     |      |     | | 1.636|0.013|G|2.69|0.03|I|*|10.8230|0.0048|0.040|101|*|10.74|10.90|       |D| | |06578-4417|I| 1| 2|C| |D|AB|354|  1.268|0.019| 0.02|0.07| |G|D|      |          |C-44  3045|P-44  1190|2.69|M4+...      |S 
H|       34603| |07 10 02.16|+38 31 54.4|11.65| |H|107.50900471|+38.53176545| | 157.24| -439.68| -948.36|  3.10|  1.83|  3.32|  5.33|  2.78| 0.04|-0.05|-0.03|-0.14|-0.24| 0.33|-0.15|-0.53| 0.18| 0.28|  0| 1.82| 34603|      |     |      |     | | 1.700|0.510|G|3.40|0.98|K| |11.4182|0.0071|0.055| 65| |11.33|11.48|       |C| | |          | |  | 1| | | |  |   |       |     |     |    | |G| |      |          |          |          |3.40|M5Ve        |K 
H|       36208| |07 27 24.16|+05 14 05.2| 9.84| |G|111.85068549|+05.23476432| | 263.26|  571.27|-3694.25|  1.31|  0.79|  1.43|  1.41|  0.90| 0.06| 0.27| 0.06|-0.39|-0.04|-0.13|-0.05|-0.46| 0.07|-0.21|  0| 1.38| 36208|      |     |      |     | | 1.573|0.043|G|2.71|0.02|A| | 9.8128|0.0021|0.021|119| | 9.77| 9.85|       |C| | |          | |  | 1| | | |  |   |       |     |     |    | |G| |      |B+05 1668 |          |          |2.71|M5          |S 
H|       37279| |07 39 18.54|+05 13 39.0| 0.40| |G|114.82724194|+05.22750767|+| 285.93| -716.57|-1034.58|  0.82|  0.50|  0.88|  0.88|  0.38| 0.03| 0.21|-0.30|-0.19|-0.06|-0.22|-0.07|-0.55| 0.14| 0.09|  0| 1.94| 37279|      |     |      |     | | 0.432|0.015|G|0.49|0.02|A| | 0.4607|0.0017|0.007| 20| | 0.45| 0.52|       | | | |07393+0514|I| 1| 1|O| | |  |   |       |     |     |    |S| |D| 61421|B+05 1739 |          |          |0.49|F5IV-V      |X 
H|       37766| |07 44 40.38|+03 33 12.8|11.19|2|G|116.16823269|+03.55354943| | 168.59| -344.87| -450.84|  2.46|  1.47|  2.67|  2.60|  1.75|-0.12| 0.40|-0.06|-0.24| 0.01|-0.26|-0.05|-0.23|-0.10|-0.12|  0|-0.41| 37766|      |     |      |     | | 1.600|0.020|G|2.95|0.02|A| |11.1969|0.0088|0.055| 73| |11.09|11.29|       |U| | |          | |  | 1| | | |  |   |       |     |     |    | |G| |      |          |          |          |2.95|M4.5Ve      |K 
H|       38956| |07 58 12.53|+41 18 19.3|12.02| |G|119.55222364|+41.30537105| | 122.53|  212.35| -685.10| 10.51|  6.35| 11.52| 11.15|  9.99|-0.16| 0.32|-0.11|-0.14| 0.06| 0.19| 0.09|-0.27| 0.00|-0.18|  0|     | 38956|      |     |      |     | | 1.618|0.019|G|2.65|0.05|I| |11.9947|0.0087|0.057| 72| |11.89|12.08|       | | | |          | |  | 1|X| | |  |   |       |     |     |    | |D|G|      |          |          |          |2.65|M4V         |S 
H|       40501| |08 16 08.20|+01 18 08.7|10.08| |G|124.03417002|+01.30242701| | 109.23| -375.01|   60.11|  1.58|  1.02|  1.79|  2.17|  1.49|-0.20| 0.26|-0.16|-0.09|-0.01|-0.15|-0.12| 0.26|-0.15| 0.02|  0|-0.53| 40501|12.305|0.231|10.322|0.060| | 1.510|0.010|G|2.15|0.08|I| |10.1427|0.0031|0.023| 59| |10.10|10.17|       | | | |          | |  | 1| | | |  |   |       |     |     |    | |G| |      |          |          |          |2.15|            |  
H|       45343| |09 14 24.27|+52 41 16.8| 7.64| |G|138.60112218|+52.68799270|A| 161.59|-1533.58| -562.80|  5.39|  4.71|  5.23|  6.79|  3.98|-0.26| 0.34|-0.20|-0.32| 0.15| 0.04| 0.17|-0.54| 0.05|-0.07| 14| 1.68| 45343| 9.388|0.030| 7.791|0.016|A| 1.410|0.010|G|1.70|0.03|I| | 7.7796|0.0728|0.233| 79|A| 7.43| 8.06|       |D| | |09144+5241|I| 2| 1|C|P|A|  |   |       |     |     |    |S| | | 79210|B+53 1320 |          |          |1.70|M0V         |X 
H|      120005| |09 14 26.19|+52 41 16.7| 7.70| |G|138.60913008|+52.68797118|B| 159.48|-1551.30| -656.25| 20.29| 14.14|  6.61| 15.57|  8.78|-0.26| 0.37|-0.27|-0.28| 0.13|-0.07| 0.12|-0.40| 0.07|-0.09| 14| 1.68|120005|      |     |      |     | | 1.420|0.010|G|1.72|0.03|I| | 7.9664|0.0824|     |   |B|     |     |       | | | |09144+5241|I| 2| 1|C|I|A|  |   |       |     |     |    |S| | | 79211|B+53 1321 |          |          |1.72|K2          |S 
H|       46655| |09 30 44.92|+00 19 26.4|11.71|2|G|142.68715327|+00.32400295| | 103.56| -569.91| -552.23|  3.77|  2.60|  3.91|  4.31|  2.66| 0.04| 0.03|-0.20|-0.43|-0.23|-0.08|-0.19|-0.53| 0.32|-0.02|  5|-1.37| 46655|      |     |      |     | | 1.588|0.015|G|2.57|0.03|I| |11.7171|0.0096|0.066| 66| |11.60|11.84|       |U| | |          | |  | 1| | | |  |   |       |     |     |    | |G| |      |          |          |          |2.57|K:...       |S 
H|       47103| |09 36 01.55|-21 39 30.2|10.91| |G|144.00645894|-21.65839234| | 111.41|  137.17| -989.54|  1.36|  1.31|  1.99|  1.45|  1.38|-0.24| 0.00|-0.10|-0.18| 0.10| 0.06| 0.12|-0.60| 0.08|-0.20|  0| 1.22| 47103|      |     |      |     | | 1.572|0.014|G|2.35|0.02|A| |10.9444|0.0033|0.036|135| |10.88|11.01|       |C| | |          | |  | 1| | | |  |   |       |     |     |    | |G| |      |          |          |          |2.35|K           |S 
H|       47425| |09 39 46.78|-41 04 06.3|10.72| |G|144.94490302|-41.06842435| | 105.34| -526.08|  356.91|  1.14|  1.20|  1.67|  1.32|  1.34| 0.18|-0.01|-0.08|-0.05|-0.09|-0.05|-0.09|-0.03| 0.02| 0.33|  0| 2.30| 47425|12.482|0.193|10.888|0.073| | 1.521|0.007|G|2.50|0.02|A| |10.7467|0.0038|0.040|170| |10.69|10.83|       |C| | |          | |  | 1| | | |  |   |       |     |     |    | |G| |      |          |C-40  5404|P-40  3789|2.50|M:          |S 
H|       47780| |09 44 30.22|-45 46 30.3|10.22| |G|146.12593185|-45.77508870| | 101.87| -466.60| -585.84| 10.24|  9.91| 13.40| 14.40| 13.49| 0.22|-0.12| 0.06| 0.21| 0.09|-0.18| 0.13| 0.04|-0.08| 0.37|  0|     | 47780|12.020|0.156|10.262|0.049| | 1.530|0.600|G|2.32|0.02|A| |10.0117|0.0036|0.033|123| | 9.96|10.07|       |D| | |          | |  | 1|X| |S|  |   |       |     |     |    | |G| |      |          |C-45  5378|P-45  3978|2.32|M1:         |S 
H|       49908| |10 11 23.36|+49 27 19.7| 6.60| |G|152.84734577|+49.45546425| | 205.22|-1361.55| -505.00|  0.56|  0.42|  0.81|  0.59|  0.48|-0.10| 0.23|-0.20|-0.22|-0.05|-0.14| 0.00| 0.09| 0.04|-0.29|  0|-0.40| 49908| 8.329|0.009| 6.753|0.004| | 1.326|0.008|T|1.29|0.01|L| | 6.6688|0.0009|0.009|142| | 6.65| 6.69|       | | | |10114+4927|I| 1| 1| | | |  |   |       |     |     |    |S| | | 88230|B+50 1725 |          |          |1.51|K8V         |X 
H|       49986| |10 12 17.76|-03 44 42.3| 9.26| |G|153.07398953|-03.74507182| | 127.99| -152.93| -242.90|  1.37|  0.95|  1.53|  1.30|  1.04|-0.15| 0.23|-0.30|-0.34| 0.08|-0.32| 0.01|-0.19| 0.12|-0.31|  0| 0.82| 49986|11.128|0.091| 9.505|0.037| | 1.487|0.016|G|2.18|0.00|A| | 9.2889|0.0047|0.020| 43| | 9.26| 9.32|       | | | |          | |  | 1| | | |  |   |       |     |     |    | | | |      |B-03 2870 |          |          |2.18|M3          |S 
H|       51317| |10 28 55.90|+00 50 34.0| 9.65| |G|157.23292924|+00.84277841| | 138.29| -602.32| -731.87|  2.01|  1.98|  2.13|  1.91|  2.10|-0.64|-0.08|-0.24|-0.26| 0.47|-0.23| 0.53|-0.85| 0.35|-0.53|  0|-0.17| 51317|11.545|0.096| 9.755|0.033| | 1.507|0.014|G|2.26|0.01|A| | 9.6702|0.0037|0.024| 68| | 9.63| 9.71|       | | | |          | |  | 1| | | |  |   |       |     |     |    | | | |      |B+01 2447 |          |          |2.26|M2          |S 
H|       53020| |10 50 52.54|+06 48 36.4|11.64| |G|162.71890470|+06.81011677| | 177.46| -804.40| -809.60| 23.83| 13.55| 23.00| 36.46| 16.55|-0.04| 0.11|-0.09|-0.21|-0.18|-0.23|-0.13|-0.37|-0.07| 0.33|  0|     | 53020|      |     |      |     | | 1.679|0.001|G|2.81|0.01|A| |11.6284|0.0090|0.073| 72| |11.47|11.73|       | | | |          | |  | 1|X| | |  |   |       |     |     |    | |G|G|      |          |          |          |2.81|M4:         |S 
H|       53767| |11 00 04.53|+22 50 01.1|10.03| |G|165.01886286|+22.83364286| | 150.96| -426.31| -279.94|  1.51|  0.95|  1.59|  1.69|  1.04|-0.10|-0.05|-0.07|-0.42|-0.22| 0.12|-0.23|-0.17| 0.25| 0.04|  0| 1.85| 53767|11.777|0.116|10.120|0.043| | 1.525|0.017|G|2.26|0.12|I| |10.0418|0.0030|0.029| 97| | 9.98|10.08|       | | | |          | |  | 1| | | |  |   |       |     |     |    | | | |      |          |          |          |2.26|M3          |S 
H|       54035| |11 03 20.61|+35 58 53.3| 7.49| |G|165.83588409|+35.98146424| | 392.40| -580.20|-4767.09|  0.67|  0.59|  0.91|  0.77|  0.77|-0.36| 0.14|-0.18| 0.14|-0.03|-0.17|-0.03| 0.05| 0.23|-0.53|  0| 1.59| 54035|      |     |      |     | | 1.502|0.014|G|2.07|0.02|G| | 7.5062|0.0013|0.014|111| | 7.49| 7.54|       | | | |11033+3558|I| 1| 1| | | |  |   |       |     |     |    |S| | | 95735|B+36 2147 |          |          |2.07|M2V         |X 
H|       54211| |11 05 32.13|+43 31 28.1| 8.82| |G|166.38385827|+43.52448449| | 206.94|-4410.79|  943.32|  0.81|  0.81|  1.19|  0.93|  0.87|-0.22| 0.14|-0.36| 0.16| 0.16|-0.29| 0.09|-0.20| 0.25|-0.27|  0| 1.31| 54211|      |     |      |     | | 1.491|0.002|G|2.01|0.01|I| | 8.8028|0.0019|0.018|101| | 8.77| 8.84|       | | | |          | |  | 1| | | |  |   |       |     |     |    | | | |      |B+44 2051 |          |          |2.01|M2Vvar      |X 
H|       54298|T|11 06 30.69|-53 16 07.9|11.69| |H|166.62786165|-53.26885914|B| 155.28|  -39.50|  272.78|124.18|127.13| 78.30| 82.06| 77.38| 0.15| 0.00| 0.20|-0.20|-0.10|-0.23|-0.07|-0.29|-0.15| 0.24|  2| 0.25| 54298|      |     |      |     | |     0|     | |    |    |T| |11.9146|0.4683|     |   |B|     |     |       |D| | |11065-5316|I| 2| 1|C|I|D|  |   |       |     |     |    | | |D|      |          |          |          |0.72|            |  
H|       55360| |11 20 09.03|+65 50 45.7| 9.31| |G|170.03762202|+65.84603892| | 109.95|-2946.70|  184.52|  0.81|  0.82|  1.11|  0.98|  0.88| 0.03| 0.04|-0.21| 0.00|-0.08|-0.09|-0.11|-0.14|-0.02|-0.11|  2| 0.72| 55360|11.032|0.041| 9.462|0.019| | 1.412|0.018|G|1.70|0.05|I| | 9.3513|0.0025|0.029|142| | 9.30| 9.40|       | | | |          | |  | 1| | | |  |   |       |     |     |    | | | |      |B+66  717 |          |          |1.70|M1Vvar      |X 
H|       56452| |11 34 29.95|-32 50 00.0| 5.96| |H|173.62480364|-32.83334205| | 104.84| -670.98|  823.84|  0.63|  0.48|  0.81|  0.76|  0.48|-0.03|-0.22|-0.09| 0.14|-0.11|-0.26|-0.18|-0.17| 0.24|-0.19|  0|-0.25| 56452| 6.977|0.006| 6.053|0.004| | 0.811|0.007|G|0.88|0.02|A| | 6.1029|0.0008|0.007| 88| | 6.09| 6.12|       | | | |          | |  | 1| | | |  |   |       |     |     |    |S| | |100623|          |C-32  8179|P-32  3122|0.88|K0V         |3 
H|       56528| |11 35 27.00|-32 32 16.4| 9.81| |G|173.86248684|-32.53790001|+| 110.65|  -69.85| -852.54|  1.44|  1.06|  1.81|  1.67|  1.34|-0.15|-0.36| 0.00| 0.08| 0.03|-0.07| 0.06|-0.31|-0.06|-0.15|  0| 0.23| 56528|11.721|0.102|10.010|0.036| | 1.489|0.004|G|2.15|0.02|A| | 9.8537|0.0023|0.022| 85| | 9.82| 9.89|       |C| | |          | |  | 1|O| | |  |   |       |     |     |    | | | |      |          |C-31  9113|          |2.15|M2V         |X 
H|       56997| |11 41 03.03|+34 12 09.2| 5.31|1|H|175.26260484|+34.20256022| | 104.81|  -13.95| -380.46|  0.64|  0.52|  0.72|  0.70|  0.55|-0.17|-0.03|-0.16|-0.26|-0.19|-0.08|-0.25| 0.14|-0.12|-0.02|  0| 0.72| 56997| 6.226|0.004| 5.388|0.003| | 0.723|0.014|G|0.78|0.04|G| | 5.4478|0.0012|0.009| 86| | 5.43| 5.46|       |U|2| |11411+3412|I| 1| 1| | | |  |   |       |     |     |    |S| | |101501|B+35 2270 |          |          |0.78|G8Vvar      |X 
H|       57367| |11 45 39.26|-64 50 26.4|11.50| |G|176.41359792|-64.84067419| | 216.40| 2665.17| -346.83|  1.61|  1.59|  2.11|  1.98|  1.91| 0.02|-0.23| 0.27| 0.01| 0.09| 0.12| 0.07| 0.15|-0.02| 0.05|  3|-0.55| 57367|11.488|0.127|11.867|0.269| | 0.196|0.057|G|0.21|0.07|H| |11.5851|0.0062|0.055|122| |11.49|11.66|       | | | |          | |  | 1| | | |  |   |       |     |     |    | |G| |      |          |          |          |0.21|DC:         |S 
H|       57443| |11 46 32.25|-40 30 04.8| 4.89| |G|176.63436255|-40.50133452| | 108.23|-1531.69|  403.41|  0.47|  0.50|  0.70|  0.50|  0.52|-0.15|-0.14| 0.01| 0.33| 0.16|-0.03| 0.14|-0.03|-0.09|-0.20|  0|-1.56| 57443|      |     |      |     | | 0.664|0.004|G|0.73|0.02|A| | 5.0211|0.0006|0.004|112| | 5.01| 5.03|       | | | |          | |  | 1| | | |  |   |       |     |     |    |S| | |102365|          |C-39  7301|P-39  5265|0.73|G3/G5V      |3 
H|       57544| |11 47 39.17|+78 41 24.0|10.80| |G|176.91319098|+78.68999275| | 185.48|  743.21|  480.40|  1.27|  1.10|  1.43|  1.55|  1.21| 0.05| 0.03|-0.17|-0.11| 0.00| 0.15| 0.02| 0.11| 0.12| 0.07|  1|-0.88| 57544|12.741|0.243|10.920|0.070| | 1.572|0.019|G|2.53|0.08|I| |10.7849|0.0038|0.035|122| |10.72|10.85|       | | | |          | |  | 1| | | |  |   |       |     |     |    | |G| |      |          |          |          |2.53|M4          |S 
H|       57548| |11 47 44.04|+00 48 27.1|11.12| |G|176.93351286|+00.80752617| | 299.58|  605.62|-1219.23|  1.98|  1.62|  2.20|  2.14|  1.86|-0.23|-0.02|-0.12|-0.02| 0.19|-0.23| 0.17|-0.32| 0.18|-0.27|  0|-0.25| 57548|      |     |      |     | | 1.746|0.020|G|2.97|0.01|A| |11.0693|0.0050|0.036| 56| |10.99|11.12|       |C| | |          | |  | 1| | | |  |   |       |     |     |    | |G| |      |          |          |          |2.97|M4.5V       |K 
H|       57802| |11 51 07.53|+35 16 17.0| 9.76| |G|177.78138205|+35.27139762| | 116.92| -271.97|  254.93|  1.13|  0.92|  1.38|  1.30|  0.83|-0.17| 0.03|-0.13|-0.54| 0.07|-0.15| 0.06|-0.57| 0.23| 0.03|  0| 0.46| 57802|11.701|0.070| 9.861|0.022| | 1.477|0.016|G|1.93|0.09|I| | 9.7801|0.0022|0.022|156| | 9.75| 9.82|       |C| | |          | |  | 1| | | |  |   |       |     |     |    | | | |      |B+36 2219 |          |          |1.93|M1V         |X 
H|       57939| |11 52 55.82|+37 43 58.1| 6.42|2|H|178.23256802|+37.73280827| | 109.21| 4003.69|-5813.00|  0.60|  0.44|  0.78|  0.66|  0.44| 0.01|-0.03|-0.11|-0.30| 0.00|-0.03|-0.02|-0.28| 0.24| 0.10|  0| 1.31| 57939| 7.361|0.005| 6.513|0.004| | 0.754|0.009|G|0.88|0.02|G| | 6.5641|0.0009|0.010|136| | 6.55| 6.69|       |U|2| |          | |  | 1| | | |  |   |       |     |     |    |S| | |103095|B+38 2285 |          |          |0.88|G8Vp        |X 
H|       60559| |12 24 51.83|-18 14 12.0|11.28| |G|186.21595803|-18.23667929| | 112.52| 1095.90|-2307.48|  2.11|  1.54|  2.51|  2.12|  1.34|-0.40|-0.01| 0.06| 0.09| 0.00| 0.07|-0.01| 0.05|-0.02|-0.36|  0|-0.28| 60559|      |     |      |     | | 1.574|0.017|G|2.31|0.01|A| |11.3331|0.0055|0.046| 85| |11.26|11.43|       | | | |          | |  | 1| | | |  |   |       |     |     |    | |G| |      |          |          |          |2.31|M4          |S 
H|       61317| |12 33 45.09|+41 21 24.4| 4.24| |H|188.43788561|+41.35676779| | 119.46| -705.06|  292.93|  0.40|  0.57|  0.83|  0.43|  0.59|-0.07| 0.04|-0.38| 0.20| 0.03|-0.11| 0.03|-0.32| 0.28|-0.02|  0| 0.20| 61317| 4.969|0.002| 4.314|0.002| | 0.588|0.009|G|0.67|0.01|G| | 4.3682|0.0005|0.004|133| | 4.36| 4.38|       | | | |          | |  | 1| | | |  |   |       |     |     |    |S| | |109358|B+42 2321 |          |          |0.67|G0V         |X 
H|       61629| |12 37 53.20|-52 00 05.6|10.65| |G|189.47165252|-52.00155006| | 103.54|-1034.22|   30.09|  1.24|  1.31|  2.10|  1.40|  1.34| 0.13|-0.22|-0.09| 0.01| 0.06|-0.09| 0.04|-0.10| 0.04| 0.10|  2| 1.21| 61629|12.799|0.292|10.767|0.080| | 1.470|0.040|G|1.90|0.18|I| |10.6769|0.0040|0.041|131| |10.61|10.74|       | | | |          | |  | 1| | | |  |   |       |     |     |    | |G| |      |          |C-51  6859|P-51  5356|1.90|M3          |S 
H|       61874| |12 40 46.92|-43 34 05.0|12.24| |G|190.19549326|-43.56806218| | 130.52| -782.02|  693.51|  2.60|  2.75|  3.87|  2.61|  2.47|-0.16|-0.06| 0.03|-0.32|-0.06|-0.01|-0.02|-0.47| 0.17| 0.01|  4|-3.10| 61874|      |     |      |     | | 1.750|0.015|G|2.62|0.02|A| |12.2772|0.0092|0.095|113| |12.14|12.41|       | | | |          | |  | 1| | | |  |   |       |     |     |    | |D| |      |          |          |          |2.62|M4          |S 
H|       62452| |12 47 57.22|+09 45 09.1|11.39| |G|191.98842235|+09.75251785| | 121.78|-1007.72| -461.01|  2.46|  2.04|  2.90|  2.82|  1.92|-0.21|-0.27|-0.17| 0.11| 0.05|-0.27|-0.12|-0.38| 0.32|-0.48|  0|-0.75| 62452|      |     |      |     | | 1.563|0.003|G|2.71|0.02|A| |11.3793|0.0058|0.045| 57| |11.29|11.45|       | | | |          | |  | 1| | | |  |   |       |     |     |    | |G| |      |          |          |          |2.71|M4          |S 
H|       64394| |13 11 52.92|+27 52 33.7| 4.23| |H|197.97051117|+27.87603769| | 109.23| -801.94|  882.70|  0.54|  0.46|  0.72|  0.63|  0.46|-0.22| 0.09|-0.26| 0.08|-0.20| 0.02|-0.24| 0.50|-0.19|-0.10|  0| 0.52| 64394| 4.956|0.004| 4.311|0.003| | 0.572|0.006|G|0.67|0.04|G| | 4.3608|0.0005|0.005|129| | 4.35| 4.37|       |C| | |13118+2753|I| 1| 1| | | |  |   |       |     |     |    |S| | |114710|B+28 2193 |          |          |0.67|G0V         |X 
H|       64924| |13 18 24.97|-18 18 31.0| 4.74| |G|199.60405000|-18.30861062| | 117.30|-1069.90|-1063.78|  0.63|  0.44|  0.71|  0.67|  0.42|-0.35|-0.25| 0.09| 0.07|-0.05| 0.13|-0.07| 0.06| 0.07|-0.32|  2| 1.53| 64924|      |     |      |     | | 0.709|0.007|G|0.75|0.02|A| | 4.8660|0.0006|0.005| 99| | 4.86| 4.89|       |C| | |13185-1818|I| 1| 1| | | |  |   |       |     |     |    |S| | |115617|B-17 3813 |          |          |0.75|G5V         |4 
H|       65859| |13 29 59.12|+10 22 47.2| 9.05| |G|202.49632115|+10.37977331| | 131.12| 1128.00|-1074.30|  1.13|  0.70|  1.29|  1.17|  0.68|-0.09|-0.15|-0.14| 0.27| 0.17|-0.02| 0.15| 0.18| 0.05|-0.10|  0| 0.42| 65859|10.992|0.047| 9.265|0.019| | 1.493|0.017|G|2.04|0.00|A| | 9.1047|0.0020|0.017|104| | 9.07| 9.13|       | | | |          | |  | 1| | | |  |   |       |     |     |    | | | |      |B+11 2576 |          |          |2.04|M1V         |X 
H|       66906| |13 42 43.35|+33 17 30.6|12.03| |H|205.68061204|+33.29182156| | 109.89| -111.47| -706.72|  2.15|  2.05|  3.18|  2.61|  2.01|-0.17| 0.06|-0.27|-0.16| 0.08|-0.06| 0.08|-0.37| 0.21|-0.17|  0| 0.73| 66906|      |     |      |     | | 2.400|0.495|G|2.85|0.55|K| |11.9808|0.0062|0.056|106| |11.89|12.09|       | | | |          | |  | 1| | | |  |   |       |     |     |    | |G| |      |          |          |          |2.85|M:          |S 
H|       67155| |13 45 42.70|+14 53 42.2| 8.46| |G|206.42792982|+14.89505746| | 184.13| 1778.46|-1455.52|  0.90|  0.79|  1.27|  0.98|  0.89|-0.19|-0.13|-0.33| 0.24|-0.13| 0.10|-0.04| 0.38|-0.42|-0.35|  0| 0.14| 67155|10.229|0.033| 8.657|0.017| | 1.435|0.028|G|2.07|0.02|A| | 8.5016|0.0020|0.017| 89| | 8.48| 8.55|       | | | |          | |  | 1| | | |  |   |       |     |     |    | | | |119850|B+15 2620 |          |          |2.07|M3V         |X 
H|       71253| |14 34 17.02|-12 31 15.6|11.32| |G|218.57093205|-12.52100145| | 163.51| -357.50|  595.12|  2.53|  1.86|  2.77|  2.74|  2.07|-0.21|-0.40|-0.12| 0.34| 0.01|-0.11|-0.02|-0.13| 0.19|-0.13|  0| 0.45| 71253|      |     |      |     | | 1.633|0.052|G|2.87|0.05|A| |11.2634|0.0060|0.049| 59| |11.12|11.34|       | | | |          | |  | 1| | | |  |   |       |     |     |    | |G| |      |B-11 3759 |          |          |2.87|M4          |S 
H|       71681| |14 39 39.39|-60 50 22.1| 1.35| |G|219.91412833|-60.83947139|B| 742.12|-3600.35|  952.11| 46.20| 36.28|  1.40| 26.10| 19.75| 0.29|-0.07|-0.01|-0.03|-0.06|-0.04|-0.06|-0.01|-0.13| 0.47|  1|-3.09| 71681|      |     |      |     | | 0.900|0.020|G|0.88|0.02|A| | 1.2429|0.1154|     |   |B|     |     |       |D| | |14396-6050|I| 3| 1|C|L|D|  |   |       |     |     |    |S| |D|128621|          |          |          |0.88|K1V         |1 
H|       71683| |14 39 40.90|-60 50 06.5|-0.01| |G|219.92041034|-60.83514707|A| 742.12|-3678.19|  481.84|  1.42|  1.08|  1.40|  1.51|  1.24| 0.29|-0.31|-0.16| 0.15| 0.05|-0.09| 0.00| 0.14| 0.09| 0.45|  1|-3.09| 71683|      |     |      |     | | 0.710|0.040|G|0.69|0.02|A| | 0.1373|0.0472|0.063|105|A| 0.06| 0.26|       |D| | |14396-6050|I| 3| 1|C|P|D|  |   |       |     |     |    |S| |D|128620|          |          |P-60  5483|0.69|G2V         |X 
H|       71898| |14 42 22.01|+66 03 21.2|10.88| |H|220.59172751|+66.05588609| | 101.34| -310.62|  -59.22| 10.84| 12.16| 12.77| 11.22| 12.03| 0.01|-0.19|-0.29|-0.27| 0.07|-0.14| 0.03|-0.22| 0.03|-0.11|  0|     | 71898|      |     |      |     | | 1.615|0.082|G|2.64|0.20|I| |10.8699|0.0038|0.034| 95| |10.80|10.92|       | | | |          | |  | 1|X| | |  |   |       |     |     |    | |G|G|      |          |          |          |2.64|M3          |S 
H|       72509| |14 49 32.69|-26 06 40.2|12.07| |G|222.38618849|-26.11117761|B| 221.80|-1421.60| -203.60|158.74|114.52| 69.07| 82.33| 61.18|-0.28| 0.00|-0.30| 0.06| 0.01| 0.01| 0.02|-0.22|-0.04|-0.21|  0| 5.77| 72509|      |     |      |     | | 1.524|0.020|G|2.25|0.14|I| |12.3140|0.3687|     |   |B|     |     |       |D| | |14495-2606|I| 2| 1|C|I|C|  |   |       |     |     |    | | |G|      |          |          |          |2.25|M           |S 
H|       72511| |14 49 33.51|-26 06 21.7|11.72| |G|222.38963876|-26.10603370|A| 235.24|-1389.70|  135.76| 26.05| 18.06| 22.43| 28.92| 20.39|-0.22| 0.10|-0.30| 0.05|-0.03| 0.01|-0.02|-0.20|-0.04|-0.12|  0| 5.77| 72511|      |     |      |     | | 1.480|0.015|G|2.06|0.00|A| |11.8102|0.2596|0.107| 79|A|11.62|11.93|       |D| | |14495-2606|I| 2| 1|C|P|C|  |   |       |     |     |    | |D|G|      |          |C-25 10553|          |2.06|M           |S 
H|       72659|H|14 51 23.28|+19 06 02.3| 4.54|1|H|222.84701756|+19.10063329|A| 149.26|  152.81|  -71.28|  0.70|  0.68|  0.76|  0.64|  0.70|-0.43|-0.10|-0.03| 0.19|-0.08| 0.00|-0.09| 0.10| 0.04|-0.51| 21| 1.15| 72659| 5.485|0.005| 4.612|0.004|*| 0.720|0.015|G|0.82|0.03|C|*| 4.6801|0.0014|0.013|101|*| 4.66| 4.71|       |U|2| |14513+1906|I| 1| 2|C| |A|AB|325|  7.071|0.010| 2.27|0.03|S| | |131156|B+19 2870 |          |          |0.82|G8V + K4V   |G 
H|       72944| |14 54 29.07|+16 06 04.9|10.11| |H|223.62112279|+16.10135877| | 101.91|  275.95| -122.11|  1.62|  1.18|  1.67|  1.95|  1.33| 0.13|-0.12|-0.19|-0.37|-0.29| 0.07|-0.28|-0.22| 0.06| 0.13|  0| 1.00| 72944|11.783|0.123|10.306|0.053| | 1.500|0.250|G|1.93|0.33|K| |10.2007|0.0040|0.029| 75| |10.11|10.24|       |C| | |          | |  | 1| | | |  |   |       |     |     |    | | | |      |B+16 2708 |          |          |1.93|M2Ve        |K 
H|       73182| |14 57 25.92|-21 24 26.9| 8.01| |G|224.35801834|-21.40746858|B| 133.63|  987.05|-1666.81| 62.10| 40.84| 33.56| 44.59| 28.64|-0.22|-0.10|-0.28| 0.10|-0.19| 0.36|-0.03|-0.12|-0.08|-0.14|  3| 0.39| 73182|      |     |      |     | | 1.519|0.025|G|2.22|0.19|I| | 8.1824|0.1842|     |   |B|     |     |       |D| | |14574-2124|I| 2| 1|C|I|D|  |   |       |     |     |    | | |D|131976|B-20 4123 |          |          |2.22|K5V         |4 
H|       73184| |14 57 27.35|-21 24 40.6| 5.72| |G|224.36396501|-21.41128090|A| 169.32| 1034.18|-1725.60|  1.77|  1.25|  1.67|  1.80|  1.29|-0.10|-0.05|-0.36| 0.01|-0.20| 0.32|-0.09|-0.16|-0.04|-0.09|  3| 0.39| 73184| 7.168|0.008| 5.873|0.005|A| 1.024|0.015|G|1.23|0.08|G| | 5.8770|0.0293|0.011| 68|A| 5.84| 5.89|       |D| | |14574-2124|I| 2| 1|C|P|D|  |   |       |     |     |    |S| |D|131977|B-20 4125 |          |          |1.23|K4V         |4 
H|       74995| |15 19 27.55|-07 43 19.3|10.57| |G|229.86477439|-07.72203834| | 159.52|-1224.55|  -99.52|  1.99|  1.34|  2.27|  3.07|  1.79|-0.17|-0.26| 0.05|-0.11|-0.14|-0.23|-0.03|-0.24|-0.21| 0.29|  0|-0.28| 74995|      |     |      |     | | 1.600|0.007|G|2.53|0.02|A| |10.5759|0.0040|0.033| 58| |10.49|10.60|       | | | |          | |  | 1| | | |  |   |       |     |     |    | |G| |      |B-07 4003 |          |          |2.53|M5          |S 
H|       76074| |15 32 13.85|-41 16 23.1| 9.31| |G|233.05768961|-41.27308564| | 168.52|-1177.47|-1028.86|  1.11|  0.93|  1.42|  1.42|  1.29|-0.17|-0.09|-0.26| 0.23|-0.03| 0.14| 0.03| 0.35|-0.05|-0.18|  0|-1.99| 76074|      |     |      |     | | 1.524|0.026|G|2.40|0.01|A| | 9.3249|0.0032|0.025|101| | 9.28| 9.37|       | | | |          | |  | 1| | | |  |   |       |     |     |    | | | |      |          |C-40  9712|P-40  7021|2.40|M0          |S 
H|       76901| |15 42 07.78|-19 28 09.3|11.83|2|G|235.53242620|-19.46924527| | 121.86|-2032.22|-1039.54| 41.95| 25.79| 43.95| 57.07| 26.48|-0.19|-0.08|-0.07|-0.36|-0.02|-0.13| 0.02|-0.43|-0.16| 0.28|  8|     | 76901|      |     |      |     | | 1.591|0.020|G|2.55|0.00|A| |11.8548|0.0100|0.054| 53| |11.64|11.96|       |U| | |          | |  | 1|X| | |  |   |       |     |     |    | |G|G|      |          |          |          |2.55|M5          |S 
H|       80018| |16 20 04.05|-37 31 53.1|10.56| |G|245.01688193|-37.53142026| | 118.03| -729.36|  991.16|  2.16|  1.50|  2.28|  3.27|  2.14|-0.43| 0.15|-0.31|-0.42| 0.23|-0.16| 0.22|-0.01| 0.03|-0.54|  0| 1.43| 80018|      |     |      |     | | 1.550|0.042|G|2.47|0.02|A| |10.5964|0.0043|0.032| 74| |10.56|10.71|       | | | |16201-3732|I| 1| 1|G| | |  |   |       |     |     |    | |G| |      |          |C-37 10765|          |2.47|M4          |S 
H|       80346| |16 24 08.32|+48 21 14.4|10.27| |G|246.03466158|+48.35400404|+| 124.34| 1145.33| -452.28|  1.09|  1.66|  1.16|  1.33|  1.67| 0.31| 0.18|-0.07| 0.03| 0.14|-0.11|-0.16|-0.65| 0.00| 0.00|  0|-0.53| 80346|12.099|0.118|10.382|0.043| | 1.475|0.015|G|1.92|0.09|I| |10.3133|0.0034|0.028|113| |10.25|10.36|       | | | |16258+4821|I| 1| 1|O| | |  |   |       |     |     |    | | | |      |          |          |          |1.92|M3          |S 
H|       80459| |16 25 24.19|+54 18 16.3|10.13| |G|246.35079602|+54.30451781| | 151.93|  432.29| -170.71|  1.02|  1.03|  1.11|  1.32|  1.21| 0.05| 0.02|-0.08|-0.01| 0.06|-0.01| 0.05| 0.11|-0.03| 0.09|  0|-0.47| 80459|12.217|0.162|10.259|0.044| | 1.591|0.027|G|2.58|0.06|I| |10.1488|0.0031|0.027|102| |10.11|10.19|       |C| | |          | |  | 1| | | |  |   |       |     |     |    | | | |      |          |          |          |2.58|M2          |S 
H|       80824| |16 30 18.11|-12 39 35.0|10.10| |G|247.57547824|-12.65971367| | 234.51|  -93.61|-1184.90|  1.77|  1.06|  1.82|  2.20|  1.74|-0.47|-0.25|-0.04| 0.08|-0.16|-0.02|-0.04| 0.44|-0.13|-0.57|  2| 0.07| 80824|      |     |      |     | | 1.604|0.035|G|2.68|0.01|A| |10.0278|0.0030|0.024| 98| | 9.99|10.07|       |C| | |          | |  | 1| | | |  |   |       |     |     |    | |G| |      |B-12 4523 |          |          |2.68|M4          |S 
H|       81300| |16 36 21.18|-02 19 25.8| 5.77| |H|249.08826456|-02.32383592| | 102.27|  455.22| -307.63|  0.78|  0.54|  0.85|  0.86|  0.80|-0.19|-0.34| 0.00| 0.32|-0.15| 0.11|-0.02| 0.58|-0.06|-0.39|  0|-0.94| 81300| 6.838|0.004| 5.861|0.004| | 0.827|0.012|G|0.87|0.02|A| | 5.9124|0.0007|0.006| 93| | 5.90| 5.92|       | | | |16363-0220|I| 1| 1| | | |  |   |       |     |     |    |S| | |149661|B-01 3220 |          |          |0.87|K2V         |X 
H|       82003| |16 45 06.38|+33 30 29.9| 8.10| |G|251.27657720|+33.50829750| | 102.35|  -39.18|  383.41|  0.63|  0.70|  0.88|  0.72|  0.89| 0.16|-0.20|-0.33| 0.17| 0.11|-0.11| 0.08| 0.05|-0.05|-0.07|  0|-1.60| 82003| 9.820|0.020| 8.263|0.010| | 1.310|0.019|T|1.51|0.03|L| | 8.1772|0.0016|0.016|123| | 8.15| 8.20|       |C| | |          | |  | 1| | | |  |   |       |     |     |    | | | |151288|B+33 2777 |          |          |1.57|K7V         |X 
H|       82724| |16 54 31.73|-62 24 00.8|11.85| |H|253.63222815|-62.40023361|A| 109.57|  294.47|  205.48| 13.91| 13.46| 20.12| 13.96| 13.79| 0.20|-0.04| 0.21|-0.31|-0.44| 0.08|-0.46|-0.07| 0.06| 0.07|  5| 1.45| 82724|      |     |      |     | | 1.729|0.400|G|2.16|0.46|K| |11.9580|0.0884|     |   |A|     |     |       |D| | |16545-6224|I| 2| 1|C|I|D|  |   |       |     |     |    | | |D|      |          |          |          |2.16|Mp          |S 
H|       82725| |16 54 32.15|-62 24 13.5|11.72| |H|253.63394770|-62.40374141|B| 203.01|  254.79|  173.56| 42.36| 41.66| 29.27| 22.09| 21.64|-0.12|-0.07| 0.14|-0.04|-0.46| 0.06|-0.45| 0.23| 0.07|-0.12|  5| 1.45| 82725|      |     |      |     | |     0|     | |    |    |T| |11.8651|0.0814|0.111|175|B|11.69|12.15|       |D| | |16545-6224|I| 2| 1|C|P|D|  |   |       |     |     |    | | |D|      |          |          |          |0.75|            |  
H|       82809| |16 55 25.70|-08 19 13.4|11.73| |G|253.85710273|-08.32039997| | 153.96| -813.47| -895.23|  3.65|  2.09|  4.04|  4.41|  2.50| 0.03|-0.34|-0.15| 0.19|-0.19|-0.17|-0.13| 0.61|-0.28| 0.14|  0| 0.59| 82809|      |     |      |     | | 1.700|0.006|G|2.75|0.02|A| |11.7083|0.0097|0.061| 93| |11.60|11.83|       |R| | |16555-0820|I| 2| 1| | | |  |   |       |     |     |    | |G| |      |          |          |          |4.60|M4          |S 
H|       82817|H|16 55 29.24|-08 20 03.1| 9.02| |G|253.87184972|-08.33420783|*| 174.23| -829.34| -878.81|  6.80|  3.47|  3.90|  4.08|  2.48| 0.34|-0.25|-0.17| 0.10|-0.13|-0.18|-0.05| 0.43|-0.28| 0.08|  5| 3.06| 82817|10.982|0.054| 9.205|0.019|*| 1.553|0.020|G|2.46|0.00|A|*| 9.0139|0.0023|0.023|101|*| 8.97| 9.05|       |D| | |16555-0820|I| 2| 2|C| |C|AS|340|  0.176|0.008| 0.08|0.21| | | |152751|B-08 4352 |          |          |2.46|M3Ve        |X 
H|       83945| |17 09 31.27|+43 40 55.3|11.77| |G|257.38030802|+43.68202643| | 137.84|  333.92| -278.02|  7.54|  8.29|  8.95|  8.06| 10.28| 0.04|-0.03|-0.02|-0.27| 0.03|-0.10| 0.05|-0.03| 0.04|-0.06|  1|     | 83945|      |     |      |     | | 1.696|0.020|G|2.86|0.06|I| |11.7874|0.0058|0.050| 94| |11.71|11.88|       | | | |          | |  | 1|X| | |  |   |       |     |     |    | |G|G|      |          |          |          |2.86|M3          |S 
H|       84140|H|17 12 07.62|+45 40 11.4| 9.31| |H|258.03174636|+45.66984247|A| 158.17|  325.96|-1591.73|  5.13|  6.09|  3.26|  6.83|  5.12|-0.26| 0.16|-0.15| 0.40|-0.14| 0.23| 0.11|-0.22| 0.22| 0.25| 36| 1.68| 84140|11.196|0.074| 9.567|0.028|*| 1.485|0.028|G|1.98|0.16|I|*| 9.3754|0.0022|0.019|107|*| 9.34| 9.41|       |D| | |17121+4540|I| 1| 2|C| |C|AB|331|  0.382|0.011| 0.23|0.17| | | |155876|B+45 2505 |          |          |1.98|K5          |S 
H|       84405|H|17 15 21.29|-26 36 00.2| 4.33| |G|258.83869698|-26.60004896|B| 167.08| -473.69|-1143.93|  1.22|  0.70|  1.07|  1.04|  0.62|-0.02|-0.36|-0.12| 0.14| 0.05| 0.00| 0.14|-0.02|-0.12|-0.01|  9| 1.39| 84405| 6.109|0.019| 5.110|0.008|A| 0.855|0.010|G|0.92|0.02|A|*| 4.4649|0.0009|0.008| 75|*| 4.46| 4.48|       |D| | |17155-2635|I| 3| 2|C| |A|BA|330|  4.736|0.002| 0.01|0.01|S| |D|155885|          |C-26 12026|P-26  5858|0.92|K2:III:     |3 
H|       84478| |17 16 13.68|-26 32 36.3| 6.33| |G|259.05698088|-26.54341625| | 167.56| -479.71|-1123.37|  0.97|  0.56|  1.06|  1.05|  0.61|-0.15|-0.41|-0.15| 0.03|-0.11|-0.02|-0.04| 0.23|-0.08|-0.37|  0|-0.42| 84478|      |     |      |     | | 1.144|0.020|G|1.28|0.02|A| | 6.4408|0.0011|0.009| 69| | 6.43| 6.46|       | | | |17155-2635|I| 3| 1| | | |  |   |       |     |     |    |S| | |156026|          |C-26 12036|P-26  5863|1.28|K5V         |3 
H|       84581| |17 17 23.46|-07 52 36.6|11.09| |H|259.34773232|-07.87683635|B| 100.89|  104.16|  168.46| 81.32| 43.98| 43.18| 50.87| 25.95| 0.05|-0.33|-0.19| 0.13| 0.26|-0.19| 0.23| 0.32|-0.07| 0.06|  4| 1.12| 84581|      |     |      |     | |     0|     | |    |    |T| |11.6201|0.2391|     |   |B|     |     |       |D| | |17174-0752|I| 2| 1|C|I|D|  |   |       |     |     |    | | |D|      |          |          |          |0.78|            |  
H|       84709| |17 18 56.36|-34 59 22.5| 5.91| |G|259.73483426|-34.98957161| | 143.45| 1149.24|  -90.80| 15.35|  9.00| 17.12| 16.77|  9.19|-0.02|-0.34|-0.08| 0.01|-0.17|-0.10|-0.10|-0.01|-0.15|-0.08|  0|     | 84709|      |     |      |     | | 1.082|0.027|G|1.21|0.02|A| | 6.0195|0.0008|0.007| 93| | 6.01| 6.03|       |D| | |17190-3459|I| 1| 1|X| |S|  |   |       |     |     |    |S| | |156384|          |C-34 11626|P-34  6803|1.21|K4V         |3 
H|       84720|H|17 19 02.95|-46 38 11.4| 5.47|1|G|259.76230946|-46.63650010|A| 113.81| 1035.25|  109.22|  1.53|  0.76|  1.36|  1.38|  0.65| 0.07|-0.46|-0.07|-0.09| 0.05| 0.19| 0.07|-0.22| 0.04| 0.33|  2| 0.22| 84720|      |     |      |     | | 0.764|0.400|G|0.94|0.02|A|*| 5.6072|0.0014|0.011| 76|*| 5.59| 5.63|       |U|2| |17191-4638|I| 1| 2|C| |A|AB|250|  8.658|0.052| 3.22|0.10|S| | |156274|          |C-46 11370|P-46  8513|0.94|M0V         |X 
H|       85295| |17 25 45.57|+02 06 51.5| 7.54| |G|261.43987888|+02.11430212| | 129.54| -580.47|-1184.81|  0.76|  0.51|  0.95|  0.81|  0.57|-0.05|-0.30| 0.04| 0.00| 0.17|-0.19| 0.20| 0.21|-0.17| 0.07|  0| 0.32| 85295| 9.320|0.018| 7.703|0.009| | 1.359|0.011|G|1.62|0.01|A| | 7.6288|0.0021|0.014|102| | 7.61| 7.65|       | | | |          | |  | 1| | | |  |   |       |     |     |    |S| | |157881|B+02 3312 |          |          |1.62|K7V         |X 
H|       85523| |17 28 39.46|-46 53 35.0| 9.38| |G|262.16440365|-46.89305173| | 220.43|  573.32| -879.84|  1.48|  0.83|  1.63|  1.88|  0.85| 0.03|-0.30| 0.04| 0.29| 0.11| 0.11| 0.16|-0.22| 0.05| 0.25|  0| 0.61| 85523|      |     |      |     | | 1.553|0.017|G|2.40|0.01|A| | 9.4032|0.0023|0.020| 98| | 9.36| 9.43|       |C| | |          | |  | 1| | | |  |   |       |     |     |    | | | |      |          |C-46 11540|P-46  8664|2.40|K5          |S 
H|       85605| |17 29 36.19|+24 39 11.6|11.39| |H|262.40078667|+24.65322144|B| 202.69|   97.33|  348.92| 39.85| 57.94| 39.48| 26.69| 41.28| 0.07|-0.03|-0.03|-0.13| 0.11|-0.04| 0.10|-0.02|-0.02| 0.16|  1| 1.44| 85605|12.065|0.130|10.770|0.062|B| 1.101|0.113|T|1.06|0.12|L| |11.6395|0.1956|     |   |B|     |     |       |D| | |17296+2439|I| 2| 1|C|I|D|  |   |       |     |     |    | | |D|      |          |          |          |0.73|            |  
H|       85665| |17 30 22.71|+05 32 56.8| 9.33| |G|262.59462845|+05.54912350| | 100.17|   28.33| -248.17|  1.07|  0.76|  1.30|  1.18|  0.78| 0.14|-0.29|-0.21| 0.24| 0.33|-0.14| 0.29| 0.22|-0.08| 0.20|  0|-1.20| 85665|11.134|0.055| 9.500|0.022| | 1.461|0.010|G|1.90|0.02|A| | 9.3726|0.0017|0.019|101| | 9.34| 9.40|       |C| | |17304+0533|I| 1| 1| | | |  |   |       |     |     |    | | | |      |B+05 3409 |          |          |1.90|M1V...      |X 
H|       86057| |17 35 13.54|-48 40 55.1|10.13| |G|263.80642798|-48.68197409| | 102.30|   84.41|  456.02|  2.25|  1.86|  2.21|  2.94|  2.12| 0.13|-0.30| 0.01| 0.52| 0.23| 0.00| 0.17| 0.74| 0.05| 0.18|  3| 3.68| 86057|12.096|0.210|10.357|0.069| | 1.543|0.020|G|2.27|0.01|A| |10.1664|0.0045|0.027| 65| |10.13|10.20|       |C| | |          | |  | 1| | |S|  |   |       |     |     |    | |G| |      |          |C-48 11837|P-48  9312|2.27|K5          |S 
H|       86162| |17 36 26.41|+68 20 32.0| 9.15| |G|264.11002650|+68.34222717| | 220.85| -320.47|-1269.55|  0.88|  0.98|  0.92|  1.08|  1.31| 0.08|-0.02|-0.09|-0.40|-0.02|-0.18|-0.05|-0.29|-0.06| 0.21|  0| 2.38| 86162|11.092|0.072| 9.392|0.029| | 1.505|0.013|G|2.11|0.10|I| | 9.1467|0.0029|0.017| 87| | 9.12| 9.17|       | | | |17366+6822|I| 2| 1| | | |  |   |       |     |     |    | | | |      |B+68  946 |          |          |2.11|M3.5Vvar    |X 
H|       86214| |17 37 04.24|-44 19 01.0|10.94| |G|264.26766824|-44.31693542| | 198.32| -710.11| -937.99|  2.16|  1.74|  2.43|  2.83|  2.10| 0.01|-0.24|-0.14| 0.21|-0.11| 0.00|-0.13| 0.51|-0.02| 0.12|  0| 0.77| 86214|      |     |      |     | | 1.655|0.005|G|2.82|0.01|A| |10.8964|0.0047|0.037| 60| |10.84|10.96|       |C| | |          | |  | 1| | | |  |   |       |     |     |    | |G| |      |          |C-44 11909|          |2.82|M5          |S 
H|       86287| |17 37 52.78|+18 35 21.5| 9.62| |G|264.46990247|+18.58931915| | 123.02|  926.83|  983.19|  0.92|  1.03|  1.62|  1.21|  1.30| 0.02|-0.30|-0.16| 0.25| 0.07| 0.00| 0.05| 0.24|-0.01|-0.27|  0|-0.76| 86287|11.433|0.063| 9.730|0.023| | 1.530|0.015|G|2.30|0.11|I| | 9.6468|0.0024|0.024|133| | 9.61| 9.68|       | | | |          | |  | 1| | | |  |   |       |     |     |    | | | |      |B+18 3421 |          |          |2.30|M1          |S 
H|       86776| |17 43 55.95|+43 22 48.3|10.49| |G|265.98314449|+43.38007697| | 105.39|    9.48| -602.62|  1.03|  1.05|  1.15|  1.26|  1.23| 0.22|-0.05| 0.03|-0.18|-0.11|-0.16|-0.10|-0.22|-0.04| 0.25|  0| 0.87| 86776|12.155|0.160|10.767|0.074| | 1.528|0.018|G|2.28|0.13|I| |10.5200|0.0033|0.029|117| |10.46|10.56|       | | | |          | |  | 1| | | |  |   |       |     |     |    | |G| |      |B+43 2796 |          |          |2.28|M3          |S 
H|       86961|T|17 46 12.66|-32 06 10.0|10.49| |G|266.55276344|-32.10277328|B| 161.77|  -49.82| -319.82| 89.41| 68.55| 11.29| 92.85| 47.25|-0.70|-0.06|-0.06| 0.01| 0.00|-0.02| 0.00| 0.01|-0.05| 0.09| 19| 3.86| 86961|      |     |      |     | | 1.463|0.015|G|1.86|0.07|I| |13.3707|0.2552|     |   |B|     |     |       |D| | |17462-3206|I| 2| 1|C|L|D|  |   |       |     |     |    | |G|D|      |          |C-32 13297|          |1.86|M2V:        |S 
H|       86963| |17 46 14.47|-32 06 06.0|11.39| |G|266.56028243|-32.10165681|A| 161.77|  -77.62| -270.12| 12.33|  8.74| 11.29| 13.61|  7.75| 0.21|-0.46|-0.49| 0.30|-0.12|-0.13| 0.00| 0.68|-0.32| 0.09| 19| 3.86| 86963|      |     |      |     | | 1.439|0.007|G|1.77|0.02|I| |11.2003|0.0579|0.324| 67|A|10.54|11.46|       |D| | |17462-3206|I| 2| 1|C|P|D|  |   |       |     |     |    | | |D|      |          |C-32 13298|          |1.77|M2V:        |S 
H|       86974| |17 46 27.72|+27 43 21.0| 3.42| |H|266.61549553|+27.72249917| | 119.05| -291.42| -750.00|  0.40|  0.45|  0.62|  0.49|  0.53|-0.07|-0.20|-0.17| 0.03| 0.04|-0.12| 0.03| 0.03|-0.02|-0.07|  0|-0.36| 86974| 4.357|0.002| 3.501|0.002| | 0.750|0.015|G|0.71|0.02|G| | 3.5596|0.0005|0.004|146| | 3.55| 3.57|       | | | |17465+2744|I| 1| 1| | | |  |   |       |     |     |    |S| | |161797|B+27 2888 |          |          |0.71|G5IV        |X 
H|       86990| |17 46 35.44|-57 18 56.7|10.75| |G|266.64766164|-57.31575508| | 172.08|-1119.87|-1352.52|  1.76|  1.53|  2.22|  2.13|  1.51|-0.04|-0.19| 0.27|-0.35|-0.10|-0.04| 0.03|-0.66|-0.16| 0.33|  0| 0.37| 86990|      |     |      |     | | 1.660|0.027|G|2.54|0.02|A| |10.7574|0.0036|0.035|123| |10.68|10.81|       | | | |          | |  | 1| | | |  |   |       |     |     |    | |G| |      |          |          |          |2.54|M5          |S 
H|       87937| |17 57 48.97|+04 40 05.8| 9.54| |G|269.45402305|+04.66828815| | 549.01| -797.84|10326.93|  1.33|  1.08|  1.58|  1.61|  1.29| 0.10|-0.16|-0.19|-0.29|-0.05| 0.15|-0.01|-0.26|-0.10| 0.21|  0| 0.59| 87937|      |     |      |     | | 1.570|0.015|G|2.52|0.06|I| | 9.4901|0.0048|0.031| 71| | 9.44| 9.54|       | | | |17578+0441|I| 1| 1| | | |  |   |       |     |     |    | | | |      |B+04 3561a|          |          |2.52|sdM4        |X 
H|       88574| |18 05 07.25|-03 01 49.8| 9.37| |G|271.28019098|-03.03051102| | 128.28|  570.14| -332.59|  1.29|  0.92|  1.44|  1.22|  1.00|-0.04|-0.45|-0.09|-0.12| 0.10|-0.04| 0.07|-0.29| 0.07|-0.02|  0|-0.56| 88574|11.210|0.078| 9.556|0.030| | 1.508|0.014|G|2.06|0.00|A| | 9.4320|0.0036|0.020| 63| | 9.39| 9.47|       | | | |          | |  | 1| | | |  |   |       |     |     |    | | | |165222|B-03 4233 |          |          |2.06|M2V         |X 
H|       88601|H|18 05 27.21|+02 30 08.8| 4.03|1|G|271.36338682|+02.50243928|A| 196.62|  124.56| -962.66|  1.46|  1.04|  1.38|  1.15|  0.91| 0.27|-0.30|-0.19|-0.31|-0.04| 0.07|-0.03|-0.29| 0.00| 0.34|  2| 0.93| 88601|      |     |      |     | | 0.860|0.010|G|0.96|0.02|A|*| 4.1502|0.0022|0.011| 53|*| 4.14| 4.17|   1.96|P|1|A|18055+0230|I| 1| 2|C| |D|AB|208|  1.592|0.009| 1.84|0.04|S| |W|165341|B+02 3482 |          |          |0.96|K0V SB      |G 
H|       89937| |18 21 02.34|+72 44 01.3| 3.55| |H|275.25974572|+72.73369763|+| 124.11|  531.08| -351.59|  0.49|  0.48|  0.48|  0.49|  0.46| 0.13|-0.30| 0.03| 0.04| 0.18|-0.10| 0.17| 0.06|-0.09| 0.19|  0| 0.01| 89937| 4.169|0.003| 3.624|0.002| | 0.489|0.005|G|0.62|0.04|G| | 3.6666|0.0005|0.003|110| | 3.66| 3.67|       | | | |18211+7245|I| 1| 1|O| | |  |   |       |     |     |    |S| | |170153|B+72  839 |          |          |0.62|F7Vvar      |X 
H|       91262| |18 36 56.19|+38 46 58.8| 0.03|1|G|279.23410832|+38.78299311| | 128.93|  201.02|  287.46|  0.48|  0.47|  0.55|  0.57|  0.60|-0.02|-0.08|-0.12| 0.30| 0.02|-0.13| 0.01| 0.28|-0.05|-0.15|  2| 1.31| 91262|      |     |      |     | |-0.001|0.005|G|-.01|0.02|A| | 0.0868|0.0021|0.014| 90| | 0.07| 0.13|       |U|2|C|18369+3847|I| 1| 1| | |S|  |   |       |     |     |    |S| | |172167|B+38 3238 |          |          |-.01|A0Vvar      |X 
H|       91768| |18 42 48.22|+59 37 33.7| 8.94| |G|280.70090582|+59.62601593|A| 280.28|-1326.88| 1802.12|  3.31|  3.13|  2.57|  3.10|  3.58|-0.03| 0.00|-0.14| 0.18| 0.03| 0.19| 0.08| 0.25|-0.16|-0.08|  9| 2.87| 91768|10.782|0.092| 9.056|0.036|A| 1.504|0.008|G|2.10|0.06|I| | 8.9218|0.0213|0.120| 93|A| 8.79| 9.13|       |D| | |18428+5937|I| 2| 1|C|P|A|  |   |       |     |     |    | | | |173739|B+59 1915 |          |          |2.10|K5          |S 
H|       91772| |18 42 48.51|+59 37 20.5| 9.70| |G|280.70212390|+59.62236064|B| 284.48|-1393.20| 1845.73| 12.91| 15.95|  5.01| 11.50| 12.02| 0.00|-0.04|-0.11| 0.18| 0.03| 0.21| 0.06| 0.25|-0.17|-0.06|  9| 2.87| 91772|11.705|0.153| 9.877|0.048|B| 1.561|0.005|G|2.49|0.02|I| | 9.9964|0.0474|     |   |B|     |     |       |D| | |18428+5937|I| 2| 1|C|I|A|  |   |       |     |     |    | | | |173740|          |          |          |2.49|K5          |S 
H|       92403| |18 49 48.96|-23 50 08.8|10.37| |H|282.45398321|-23.83576457| | 336.48|  637.55| -192.47|  1.72|  0.92|  1.82|  2.22|  1.45|-0.06|-0.23|-0.07| 0.11| 0.05|-0.02| 0.02|-0.44| 0.13|-0.08|  0| 0.41| 92403|      |     |      |     | | 1.510|0.510|G|2.33|0.64|K| |10.4124|0.0044|0.027| 65| |10.38|10.45|       | | | |          | |  | 1| | | |  |   |       |     |     |    | |G| |      |          |          |          |2.33|M3.5Ve      |K 
H|       93449| |19 01 53.68|-36 57 08.1|11.57|3|H|285.47364755|-36.95224000| | 121.75|  -34.36|   50.57| 62.40| 37.97| 68.24| 97.49| 52.03| 0.03|-0.33|-0.40|-0.18| 0.37|-0.31| 0.02|-0.64| 0.32|-0.56|  5|     | 93449|      |     |      |     | |     0|     | |    |    |T| |11.6111|0.0963|0.633| 69| |10.63|12.30|       |U| | |          | |  | 1|X| |S|  |   |       |     |     |    | |G| |      |          |C-37 13027|P-37  8452|0.13|A5IIevar    |X 
H|       93873| |19 07 05.86|+20 53 20.0|10.77|2|G|286.77443107|+20.88888827| | 115.91| -480.82| -345.60|  1.37|  1.70|  2.47|  1.65|  2.51| 0.38|-0.30|-0.30|-0.18|-0.03| 0.10| 0.00| 0.01| 0.07| 0.31|  0| 0.40| 93873|      |     |      |     | | 1.570|0.015|G|2.52|0.06|I| |10.8099|0.0042|0.045|144| |10.71|10.88|       |U| | |19072+2053|I| 2| 1| | | |  |   |       |     |     |    | |G| |      |          |          |          |2.52|M2          |S 
H|       93899| |19 07 13.50|+20 52 40.2|10.76|2|G|286.80626789|+20.87782548| | 112.82| -481.05| -333.38|  1.41|  1.65|  2.41|  1.68|  2.59| 0.38|-0.27|-0.16|-0.20|-0.02| 0.12| 0.00| 0.04| 0.08| 0.35|  0| 1.55| 93899|      |     |      |     | | 1.570|0.015|G|2.52|0.06|I| |10.8236|0.0048|0.053|144| |10.73|10.91|       |U| | |19072+2053|I| 2| 1| | | |  |   |       |     |     |    | |G| |349726|          |          |          |2.52|M2          |S 
H|       94761| |19 16 55.60|+05 10 19.7| 9.12| |G|289.23164974|+05.17214064| | 170.26| -578.86|-1331.70|  1.16|  0.77|  1.37|  1.33|  0.91|-0.02|-0.35|-0.01| 0.06| 0.16| 0.09| 0.14|-0.17| 0.04| 0.01|  0| 0.25| 94761|10.935|0.055| 9.279|0.024| | 1.464|0.005|G|2.32|0.00|A| | 9.1262|0.0021|0.017| 81| | 9.09| 9.16|       |C| | |          | |  | 1| | | |  |   |       |     |     |    | | | |180617|B+04 4048 |          |          |2.32|M3.5V       |X 
H|       96100| |19 32 20.59|+69 39 55.4| 4.67| |H|293.08577692|+69.66540172| | 173.41|  598.43|-1738.81|  0.45|  0.43|  0.46|  0.50|  0.47|-0.12|-0.24| 0.11| 0.04| 0.22|-0.05| 0.21| 0.02| 0.05| 0.08|  0| 1.16| 96100| 5.681|0.006| 4.756|0.007| | 0.786|0.007|G|0.85|0.02|G| | 4.8114|0.0005|0.004| 99| | 4.81| 4.82|       | | | |19322+6941|I| 1| 1| | | |  |   |       |     |     |    |S| | |185144|B+69 1053 |          |          |0.85|K0V         |X 
H|       97649| |19 50 46.68|+08 52 02.6| 0.76|1|G|297.69450860|+08.86738491| | 194.44|  536.82|  385.54|  0.60|  0.53|  0.94|  0.73|  0.68| 0.20|-0.24|-0.33| 0.27|-0.14| 0.36|-0.04| 0.41| 0.05| 0.04|  0| 0.36| 97649| 1.248|0.012| 0.955|0.010| | 0.221|0.010|G|0.27|0.02|A| | 0.8273|0.0011|0.006| 41| | 0.82| 0.87|   7.94|P|1|A|19508+0852|I| 1| 1| | | |  |   |       |     |     |    |S| |P|187642|B+08 4236 |          |          |0.27|A7IV-V      |X 
H|       99240| |20 08 41.86|-66 10 45.6| 3.55| |G|302.17441713|-66.17932101| | 163.73| 1210.29|-1130.34|  0.49|  0.43|  0.65|  0.55|  0.47|-0.05|-0.07|-0.15| 0.29| 0.07|-0.01| 0.02|-0.05|-0.07|-0.22|  0|-0.15| 99240|      |     |      |     | | 0.751|0.021|G|0.76|0.02|A| | 3.6876|0.0005|0.005|123| | 3.68| 3.71|       | | | |          | |  | 1| | | |  |   |       |     |     |    |S| | |190248|          |C-66  2367|P-66  3474|0.76|G5IV-Vvar   |X 
H|       99461| |20 11 11.61|-36 05 50.6| 5.32| |G|302.79836763|-36.09738423| | 165.24|  456.89|-1574.91|  0.74|  0.43|  0.90|  0.89|  0.61| 0.10|-0.43| 0.01| 0.02| 0.07| 0.34| 0.06| 0.03| 0.05| 0.23|  0| 1.20| 99461|      |     |      |     | | 0.868|0.018|G|0.98|0.02|A| | 5.4432|0.0005|0.004| 97| | 5.43| 5.45|       |C| | |20112-3605|I| 1| 1| | | |  |   |       |     |     |    |S| | |191408|          |C-36 13940|P-36  9037|0.98|K2V         |3 
H|       99701| |20 13 52.75|-45 09 49.1| 7.97| |G|303.46980202|-45.16363153| | 161.17|  778.18| -159.55|  0.95|  0.63|  1.08|  1.34|  1.07|-0.11|-0.27| 0.04| 0.26|-0.16| 0.05|-0.20| 0.24| 0.12|-0.09|  0| 0.38| 99701|      |     |      |     | | 1.431|0.006|G|1.83|0.00|A| | 8.0444|0.0022|0.015| 84| | 8.02| 8.07|       | | | |          | |  | 1| | | |  |   |       |     |     |    | | | |191849|          |C-45 13677|P-45  9899|1.83|M0V         |X 
H|       99825| |20 15 16.58|-27 01 57.1| 5.73| |G|303.81907470|-27.03253576| | 113.33| 1241.35| -181.46|  0.78|  0.51|  0.89|  0.92|  0.60| 0.56|-0.39|-0.12|-0.06| 0.05| 0.25| 0.05|-0.12| 0.19| 0.81|  2| 0.87| 99825|      |     |      |     | | 0.878|0.018|G|0.93|0.02|A| | 5.8779|0.0004|0.005|157| | 5.87| 5.89|       |C| | |          | |  | 1| | | |  |   |       |     |     |    |S| | |192310|          |C-27 14659|P-27  6972|0.93|K3V         |3 
H|      101180| |20 30 31.42|+65 26 55.9|10.54| |G|307.63092880|+65.44886952| | 125.62|  443.25|  284.06|  0.97|  1.01|  1.11|  0.95|  1.08| 0.05|-0.07| 0.24|-0.17| 0.03| 0.01| 0.05|-0.18|-0.07| 0.24|  1| 0.28|101180|12.559|0.182|10.783|0.077| | 1.542|0.012|G|2.38|0.09|I| |10.5684|0.0026|0.027|110| |10.53|10.63|       | | | |          | |  | 1| | | |  |   |       |     |     |    | |G| |      |          |          |          |2.38|M3          |S 
H|      102409| |20 45 09.34|-31 20 24.1| 8.81|2|G|311.28891788|-31.34002411| | 100.59|  280.37| -360.09|  1.20|  0.75|  1.35|  1.58|  0.98| 0.34|-0.13| 0.08|-0.05| 0.28| 0.35| 0.21| 0.32| 0.13| 0.51|  0| 0.19|102409|10.701|0.057| 8.935|0.022| | 1.470|0.290|G|2.10|0.00|A| | 8.7620|0.0052|0.036| 70| | 8.71| 8.82|   4.89|P|1|A|20451-3122|I| 2| 1| | | |  |   |       |     |     |    | | | |197481|          |C-31 17815|P-31  6335|2.10|M1Ve        |3 
H|      103039| |20 52 33.20|-16 58 29.3|11.41| |G|313.13835215|-16.97481280| | 182.15| -306.70|   30.78|  2.82|  2.26|  3.68|  3.77|  4.05| 0.35|-0.11| 0.05|-0.30|-0.14| 0.34|-0.16|-0.20|-0.22| 0.52|  7| 0.94|103039|      |     |      |     | | 1.653|0.022|G|2.73|0.07|I| |11.3693|0.0054|0.040| 47| |11.30|11.43|       |C| | |          | |  | 1| | |S|  |   |       |     |     |    | |G| |      |          |          |          |2.73|            |  
H|      103096| |20 53 19.79|+62 09 22.6| 8.55| |G|313.33245263|+62.15627228| | 141.95|    1.08| -774.24|  0.70|  0.67|  0.77|  0.67|  0.76|-0.10|-0.03| 0.10|-0.18| 0.23| 0.08| 0.27|-0.19|-0.02| 0.21|  0|-0.84|103096|10.459|0.035| 8.762|0.015| | 1.483|0.012|G|1.97|0.07|I| | 8.6286|0.0019|0.016|116| | 8.60| 8.65|       |C| | |20532+6210|I| 1| 1| | | |  |   |       |     |     |    | | | |199305|B+61 2068 |          |          |1.97|M2V         |X 
H|      104214| |21 06 50.84|+38 44 29.4| 5.20|3|G|316.71181258|+38.74149446| | 287.13| 4155.10| 3258.90|  0.84|  1.05|  1.51|  0.95|  1.19|-0.07| 0.00| 0.05|-0.05| 0.02|-0.32| 0.05|-0.28| 0.35|-0.13|  5|     |104214|      |     |      |     | | 1.069|0.015|G|1.13|0.02|I| | 5.3685|0.0259|0.215|167| | 5.17| 5.85|       |U|2| |21069+3844|I| 2| 1| | |S|  |   |       |     |     |    |S| |G|201091|B+38 4343 |          |          |1.13|K5V         |X 
H|      104217| |21 06 52.19|+38 44 03.9| 6.05|2|G|316.71746843|+38.73441392| | 285.42| 4107.40| 3143.72|  0.41|  0.50|  0.72|  0.43|  0.59|-0.10|-0.08|-0.18|-0.03| 0.08|-0.30|-0.03|-0.32| 0.48|-0.29|  0| 0.89|104217| 7.764|0.012| 6.208|0.009| | 1.309|0.012|T|1.27|0.01|L| | 6.1467|0.0010|0.013|154| | 6.11| 6.17|       |U|2| |21069+3844|I| 2| 1| | |S|  |   |       |     |     |    |S| | |201092|B+38 4344 |          |          |1.56|K7V         |X 
H|      105090| |21 17 17.71|-38 51 52.5| 6.69| |G|319.32379676|-38.86457451| | 253.37|-3259.00|-1146.99|  0.93|  0.70|  1.13|  1.28|  0.56| 0.12|-0.20|-0.40| 0.10|-0.25| 0.40|-0.18|-0.33| 0.14|-0.09|  0| 0.75|105090|      |     |      |     | | 1.397|0.002|G|1.77|0.02|A| | 6.7530|0.0011|0.008| 59| | 6.73| 6.77|       |D| | |          | |  | 1| | | |  |   |       |     |     |    |S| | |202560|          |C-39 14192|P-39  8920|1.77|M1/M2V      |3 
H|      105858| |21 26 26.49|-65 22 05.3| 4.21| |G|321.61038385|-65.36814438| | 108.50|   81.08|  800.68|  0.33|  0.36|  0.59|  0.37|  0.39|-0.32| 0.02|-0.13|-0.10| 0.01| 0.00| 0.02| 0.01|-0.09|-0.40|  1|-1.88|105858| 4.806|0.003| 4.284|0.003| | 0.494|0.020|G|0.61|0.02|A| | 4.3296|0.0003|0.005|258| | 4.32| 4.34|       | | | |          | |  | 1| | | |  |   |       |     |     |    |S| | |203608|          |C-65  2751|P-65  3918|0.61|F6V         |X 
H|      106106| |21 29 36.20|+17 38 32.6|10.33| |G|322.40081536|+17.64237600| | 148.29| 1008.09|  376.21|  1.97|  1.09|  1.85|  2.90|  1.13| 0.14|-0.05|-0.06|-0.39|-0.07|-0.07|-0.07|-0.09| 0.02| 0.14|  0|-0.21|106106|12.280|0.183|10.511|0.062| | 1.620|0.007|G|2.65|0.02|I| |10.2974|0.0049|0.034| 83| |10.25|10.38|       | | | |          | |  | 1| | | |  |   |       |     |     |    | |G| |      |          |          |          |2.65|M4          |S 
H|      106255| |21 31 17.92|-09 47 25.9|11.96| |G|322.82467099|-09.79053173| | 124.82| 1161.80|  -54.19| 26.12| 20.79| 28.85| 38.28| 22.41| 0.21|-0.09|-0.31|-0.25|-0.07|-0.01|-0.13|-0.51| 0.31| 0.01|  0|     |106255|      |     |      |     | | 1.703|0.046|G|2.99|0.00|A| |11.9473|0.0112|0.053| 59| |11.81|12.04|       | | | |          | |  | 1|X| | |  |   |       |     |     |    | |G|X|      |          |          |          |2.99|M4e...      |S 
H|      106440| |21 33 34.02|-49 00 25.3| 8.66| |G|323.39173448|-49.00701800| | 202.53|  -46.18| -818.01|  0.90|  0.77|  1.33|  1.12|  0.71| 0.22|-0.09|-0.18| 0.05| 0.36|-0.13| 0.30| 0.33|-0.20| 0.18|  0| 0.22|106440|10.580|0.038| 8.875|0.016| | 1.521|0.099|G|2.18|0.00|A| | 8.7047|0.0019|0.015|100| | 8.68| 8.73|       | | | |          | |  | 1| | | |  |   |       |     |     |    | | | |204961|          |C-49 13515|P-49 11439|2.18|M1V         |X 
H|      108706| |22 01 12.88|+28 18 24.5|11.99| |G|330.30365718|+28.30681743| | 111.57|  372.11|   36.48|  2.44|  2.70|  3.19|  2.76|  3.38| 0.16| 0.15| 0.08| 0.13|-0.07|-0.06|-0.02|-0.27| 0.08| 0.22|  2|-2.00|108706|      |     |      |     | | 1.718|0.020|G|2.92|0.05|I| |11.9745|0.0081|0.068| 81| |11.84|12.08|       | | | |          | |  | 1| | | |  |   |       |     |     |    | |D| |      |          |          |          |2.92|            |  
H|      108870| |22 03 17.44|-56 46 47.3| 4.69| |G|330.82266498|-56.77980602| | 275.76| 3959.97|-2538.84|  0.48|  0.39|  0.69|  0.55|  0.42| 0.06|-0.23|-0.19| 0.10| 0.04| 0.21| 0.15|-0.01|-0.15| 0.22|  0|-0.68|108870| 6.069|0.003| 4.833|0.002| | 1.056|0.016|G|1.15|0.02|A| | 4.8310|0.0005|0.005|135| | 4.82| 4.84|       |C| | |          | |  | 1| | | |  |   |       |     |     |    |S| | |209100|          |          |P-57 10015|1.15|K5V         |X 
H|      109388| |22 09 39.68|-04 38 26.5|10.41| |G|332.41534076|-04.64068104| | 113.97| 1134.90|  -19.71|  2.06|  1.18|  2.10|  2.75|  1.31| 0.03| 0.26|-0.05| 0.10|-0.10|-0.07|-0.03| 0.10| 0.17|-0.08|  0|-2.67|109388|      |     |      |     | | 1.531|0.035|G|2.50|0.00|A| |10.3672|0.0047|0.029| 46| |10.32|10.40|       |C| | |          | |  | 1| | | |  |   |       |     |     |    | |G| |      |B-05 5715 |          |          |2.50|M3          |S 
H|      110893|H|22 28 00.42|+57 41 49.3| 9.59| |G|337.00174003|+57.69702005|A| 249.52| -870.23| -471.10|  3.09|  2.86|  3.03|  3.00|  2.97| 0.03| 0.19| 0.17| 0.12| 0.01| 0.08|-0.03|-0.13|-0.18| 0.05|  4| 1.29|110893|11.669|0.113| 9.971|0.039|A| 1.613|0.003|G|2.63|0.01|I|*| 9.5728|0.0027|0.024|105|*| 9.53| 9.61|       |D| | |22281+5741|I| 2| 2|C| |A|AB|128|  3.400|0.022| 1.61|0.06| |G| |239960|B+56 2783 |          |          |2.63|M2V         |X 
H|      111802| |22 38 45.29|-20 37 15.4| 9.06|1|G|339.68872796|-20.62094006| | 115.71|  450.58|  -79.86|  1.21|  0.83|  1.50|  1.61|  1.15| 0.22|-0.01|-0.09|-0.26|-0.04| 0.18|-0.01|-0.53| 0.38| 0.33|  0|-0.62|111802|10.956|0.046| 9.335|0.020| | 1.466|0.005|G|2.21|0.02|A| | 9.1319|0.0037|0.025|116| | 9.08| 9.17|       |U| | |22388-2037|I| 1| 1| | | |  |   |       |     |     |    | | | |214479|B-21 6267 |          |          |2.21|M0Vpe       |4 
H|      112460| |22 46 50.31|+44 20 06.4|10.29| |H|341.70961216|+44.33510774| | 198.07| -704.66| -459.39|  1.15|  1.25|  2.05|  1.19|  1.33|-0.38| 0.01|-0.04|-0.30| 0.16|-0.06| 0.16|-0.33| 0.28|-0.21|  0| 0.85|112460|12.054|0.103|10.396|0.035| | 1.540|0.510|G|2.89|0.91|K| |10.2245|0.0034|0.054|233| |10.14|10.32|       |D| | |22468+4420|I| 2| 1| | |S|  |   |       |     |     |    | |G| |      |B+43 4305 |          |          |2.89|M4.5Ve      |K 
H|      113020| |22 53 16.16|-14 15 43.4|10.16| |G|343.31731628|-14.26205842| | 212.69|  960.33| -675.64|  1.86|  1.20|  2.10|  3.75|  1.64| 0.15| 0.13|-0.25|-0.02| 0.37|-0.18| 0.26|-0.13| 0.35|-0.24|  0|-0.76|113020|      |     |      |     | | 1.597|0.035|G|2.77|0.01|A| |10.1480|0.0045|0.027| 67| |10.09|10.19|       | | | |          | |  | 1| | | |  |   |       |     |     |    | | | |      |B-15 6290 |          |          |2.77|M5          |S 
H|      113229| |22 55 47.90|-75 27 21.9|10.42| |G|343.94957092|-75.45609056| | 116.02|-1027.28|-1061.60|  1.18|  0.97|  1.33|  1.50|  1.04|-0.02|-0.02|-0.19| 0.00| 0.02|-0.07| 0.01|-0.14| 0.16| 0.00|  0|-0.60|113229|12.320|0.169|10.549|0.050| | 1.485|0.015|G|2.43|0.02|A| |10.3732|0.0032|0.033|151| |10.30|10.44|       |C| | |          | |  | 1| | | |  |   |       |     |     |    | |G| |      |          |          |          |2.43|K           |S 
H|      113283| |22 56 23.83|-31 33 54.6| 6.48| |G|344.09927760|-31.56517871| | 130.94|  330.53| -159.86|  0.84|  0.60|  0.92|  1.00|  0.75| 0.10|-0.07|-0.26|-0.27| 0.09| 0.21| 0.14|-0.07| 0.10| 0.18|  0| 0.48|113283| 7.899|0.008| 6.599|0.005| | 1.094|0.006|G|1.20|0.02|A| | 6.6027|0.0013|0.010| 84| | 6.58| 6.62|       |C| | |          | |  | 1| | | |  |   |       |     |     |    |S| | |216803|          |C-32 17321|P-32  6550|1.20|K4Vp        |3 
H|      113296| |22 56 35.43|+16 33 14.8| 8.68| |G|344.14764241|+16.55412209| | 145.27|-1033.21| -283.33|  1.01|  0.89|  1.22|  1.08|  1.42| 0.47| 0.10|-0.08|-0.09|-0.22|-0.04|-0.19|-0.40| 0.02| 0.56|  0|-0.01|113296|10.551|0.043| 8.875|0.018| | 1.507|0.015|G|2.10|0.00|A| | 8.7104|0.0017|0.014| 79| | 8.69| 8.74|       |C| | |          | |  | 1| | | |  |   |       |     |     |    | | | |216899|B+15 4733 |          |          |2.10|M2:         |S 
H|      113368| |22 57 38.83|-29 37 18.6| 1.17| |G|344.41177323|-29.62183701| | 130.08|  329.22| -164.22|  0.79|  0.64|  0.92|  1.05|  0.73| 0.43|-0.16|-0.38|-0.39|-0.21| 0.32|-0.06|-0.07| 0.23| 0.49|  6| 2.95|113368| 1.407|0.009| 1.248|0.007| | 0.145|0.011|T|0.16|0.01|L| | 1.1808|0.0007|0.004| 67| | 1.18| 1.19|       | | | |          | |  | 1|G| | |  |   |       |     |     |    |S| | |216956|          |C-30 19370|P-30  6685|0.08|A3V         |3 
H|      113576| |23 00 16.69|-22 31 28.2| 7.88| |G|345.06954949|-22.52448801| | 122.80| -904.21|   58.09|  0.92|  0.57|  0.94|  1.12|  0.68| 0.19|-0.13|-0.14|-0.13| 0.12| 0.04| 0.10|-0.11| 0.16| 0.09|  0| 1.53|113576| 9.682|0.030| 8.068|0.015| | 1.379|0.018|G|1.63|0.00|A| | 7.9710|0.0016|0.010| 74| | 7.96| 7.99|       | | | |          | |  | 1| | | |  |   |       |     |     |    |S| | |217357|          |C-23 17699|P-23  8259|1.63|K5/M0V      |4 
H|      114046| |23 05 47.17|-35 51 22.7| 7.35| |G|346.44652092|-35.85629710| | 303.90| 6767.26| 1326.66|  0.61|  0.59|  0.87|  0.70|  0.74| 0.36|-0.11|-0.08| 0.38| 0.03| 0.12| 0.06| 0.11|-0.01| 0.46|  0| 0.69|114046|      |     |      |     | | 1.483|0.003|G|2.02|0.00|A| | 7.4182|0.0015|0.016|131| | 7.39| 7.47|       | | | |          | |  | 1| | | |  |   |       |     |     |    |S| | |217987|          |C-36 15693|P-36  9694|2.02|M2/M3V      |3 
H|      114110| |23 06 38.89|-14 52 20.6|12.24| |H|346.66203219|-14.87239655| | 216.52|  112.27|   83.24| 12.77| 12.83| 18.28| 11.63| 10.05| 0.44| 0.44| 0.43| 0.17| 0.28| 0.49|-0.02|-0.01|-0.28|-0.05| 18| 4.20|114110|      |     |      |     | |     0|     | |    |    |T| |12.3750|0.2655|0.925| 15| |10.54|13.09|       | | | |23067-1452|I| 2| 1| | | |  |   |       |     |     |    | | |G|      |          |          |          |0.72|            |  
H|      114176| |23 07 19.53|-32 16 05.5|12.28| |H|346.83136570|-32.26819891| | 147.95| -223.58|  -30.45| 14.40| 24.81| 13.76| 10.66| 20.19| 0.69| 0.26| 0.00| 0.26| 0.49| 0.05| 0.51| 0.87|-0.03| 0.67| 11| 1.89|114176|      |     |      |     | |     0|     | |    |    |T| |12.4153|0.4936|1.089| 10| |10.76|13.06|       | | | |23073-3216|I| 2| 1| | | |  |   |       |     |     |    | | |G|      |          |          |          |0.72|            |  
H|      114622| |23 13 14.74|+57 10 03.5| 5.57| |G|348.31143134|+57.16763844| | 153.24| 2074.37|  294.97|  0.48|  0.53|  0.65|  0.69|  0.53|-0.28| 0.08| 0.25| 0.07| 0.23| 0.24| 0.14|-0.22|-0.03|-0.33|  0|-0.98|114622|      |     |      |     | | 1.000|0.000|G|1.04|0.00|I| | 5.6989|0.0008|0.008|106| | 5.69| 5.71|       | | | |23132+5709|I| 1| 1| | | |  |   |       |     |     |    |S| | |219134|B+56 2966 |          |          |1.04|K3Vvar      |X 
H|      116132|H|23 31 51.83|+19 56 14.7|10.05| |H|352.96597910|+19.93741103|A| 160.06|  554.40|  -62.61|  2.52|  2.22|  2.81|  2.03|  1.60| 0.55| 0.11| 0.14| 0.10|-0.04|-0.06|-0.03|-0.09| 0.10| 0.47|  0|-0.15|116132|12.131|0.121|10.471|0.044|A| 1.190|0.510|G|2.19|0.08|B|*|10.1155|0.0027|0.033|129|*|10.06|10.17|       |R| | |23319+1956|I| 1| 2|C| |B|AB|101|  5.029|0.028| 2.14|0.10| | | |      |B+19 5116 |          |          |3.60|M6Ve        |K 
H|      117473| |23 49 11.95|+02 24 12.9| 8.98| |G|357.29977433|+02.40357651| | 167.51|  995.12| -968.25|  1.82|  0.91|  1.49|  2.31|  0.82| 0.00| 0.02|-0.27|-0.64| 0.15|-0.09|-0.07|-0.45| 0.23| 0.31|  0| 0.28|117473|10.916|0.066| 9.215|0.025| | 1.460|0.017|G|2.04|0.01|A| | 9.0506|0.0021|0.014| 80| | 9.03| 9.08|       |C| | |          | |  | 1| | | |  |   |       |     |     |    | | | |      |B+01 4774 |          |          |2.04|M2V         |X 