    28|   3|   443
    87|   4|   476
   144|   7|   531
   315|  11|   635
   352|  14|   664
   358|  15|   677
   358|  15|   677
   432|  21|   746
   448|  22|   729
   493|  24|   761
   496|  25|   765
   560|  26|   813
   571|  27|   841
   636|  30|   814
   693|  33|   910
   693|  33|   910
   720|  34|   930
   739|  35|   950
   886|  39|  1067
   905|  41|  1086
  1013|  45|  1168
  1038|  48|  1170
  1061|  50|  1196
  1227|  59|  1319
  1280|  63|  1366
  1317|    |  1392
  1337|  65|  1415
  1404|  68|  1473
  1438|  70|  1501
  1522|  74|  1562
  1563|    |  1595
  1581|  77|  1599
  1635|  80|  1645
  1671|  82|  1686
  1685|  83|  1647
  1737|  84|  1708
  1760|  85|  1728
  1796|  86|  1772
  1835|  88|  1803
  1967|  90|
  2011|  93|  1960
  2051|    |  1902
  2114|  97|  2006
  2140|    |  2025
  2151|  98|  2021
  2261|  99|  2081
  2262| 100|  2072
  2273| 101|  2100
  2410|    |  2213
  2411| 103|  2219
  2429| 105|  2210
  2436| 106|  2224
  2628| 114|  2355
  2637| 117|  2353
  2729| 121|  2474
  2772| 123|  2505
  2834| 125|  2472
  2884| 126|  2484
  2884| 126|  2484
  2885| 127|  2487
  2885| 127|  2487
  2905| 130|  2599
  2910| 131|  2568
  2913| 132|  2548
  3003| 136|  2578
  3038| 137|  2707
  3112| 139|  2629
  3196| 142|  2762
  3229| 143|  2787
  3302| 147|  2802
  3360| 153|  2920
  3369| 154|  2912
  3379| 155|  2903
  3512|    |  2994
  3546| 163|  3031
  3627| 165|  3092
  3651| 166|  3093
  3690| 167|  3138
  3712| 168|  3179
  3817| 175|  3231
  3901| 179|  3300
  3919| 180|  3245
  3919| 180|  3245
  3980| 183|  3277
  4058| 184|  3414
  4065| 185|  3356
  4089| 187|  3330
  4128| 188|  3419
  4142| 189|  3478
  4150| 191|  3405
  4161| 192|  3572
  4180| 193|  3504
  4188| 194|  3455
  4211| 195|  3456
  4307| 203|  3559
  4382| 208|  3721
  4408| 211|  3632
  4482| 213|  3675
  4490| 214|  3685
  4502| 215|  3693
  4526| 216|  3697
  4568| 217|  3730
  4614| 219|  3821
  4627| 221|  3760
  4636| 223|  3801
  4656| 224|  3786
  4676| 225|  3810
  4727| 226|  3881
  4757| 230|  3885
  4758| 231|
  4813| 235|  3909
  4815| 236|  3781
  4919| 242|  3949
  5112| 248|  4147
  5190| 252|  4084
  5234| 253|  4292
  5267| 254|  4267
  5268| 255|  4257
  5286| 258|  4288
  5382| 262|  4366
  5394| 264|  4427
  5395| 265|  4422
  5437| 267|  4371
  5448| 269|  4436
  5457| 270|  4293
  5457| 270|  4293
  5516| 271|  4463
  5575| 274|  4510
  5679|    |  4843
  5722| 279|  4587
  5737| 280|  4577
  5848| 285|  5372
  5848| 285|  5372
  6055| 288|  4770
  6116| 290|  4903
  6118| 291|  4889
  6178| 293|  4852
  6186| 294|  4906
  6192| 295|  4829
  6203| 296|  4914
  6288| 301|  4979
  6386| 307|  5074
  6397| 308|  5081
  6456| 310|  5131
  6457| 311|  5132
  6476|    |  5175
  6479| 313|  5141
  6480| 314|  5144
  6482| 315|  5121
  6530| 317|  5164
  6557| 319|  5204
  6582| 321|  5336
  6595| 322|  5165
  6658| 324|  5317
  6680| 327|  5319
  6695| 328|  5310
  6706| 329|  5296
  6734|    |  5315
  6763| 330|  5346
  6767| 331|  5300
  6793| 332|  5268
  6805| 334|  5364
  6811| 335|  5434
  6829| 336|  5518
  6860| 337|  5447
  6882| 338|  5348
  6903| 339|  5454
  6920| 340|  5493
  6961| 343|  5542
  6972| 345|  5589
  6972| 345|  5589
  6976| 346|  5485
  7014| 347|  5510
  7019| 348|  5550
  7034| 349|  5544
  7087| 351|  5571
  7106| 352|  5586
  7147| 353|  5594
  7218|    |  5646
  7318| 360|  5742
  7344| 361|  5737
  7344| 361|  5737
  7345| 362|  5743
  7345| 362|  5743
  7374| 364|  5778
  7439| 366|  5799
  7446| 367|  5824
  7476| 368|  5833
  7570| 370|  5862
  7672| 373|  5951
  7727|    |  5985
  7769|    |
  7788| 377|  5896
  7788| 377|  5896
  7804| 378|  6061
  7927| 382|  6242
  7964| 383|  6193
  8003| 384|  6312
  8036| 385|  6226
  8126| 389|  6315
  8207| 390|  6411
  8335| 393|  6429
  8374| 395|  6514
  8491| 399|  6692
  8511| 401|  6539
  8512| 402|  6537
  8538| 403|  6686
  8705| 412|  6670
  8723| 413|  6706
  8763| 414|  6732
  8799| 417|  6813
  8829| 421|  6748
  8875|    |  6815
  8879| 423|  6759
  8890| 424| 11767
  9021| 427|  7078
  9053| 429|  6867
  9053| 429|  6867
  9057| 430|  6999
  9057| 430|  6999
  9100| 432|  6981
  9132| 433|  6960
  9138| 434|  7007
  9270| 437|  7097
  9362| 440|  7083
  9408| 442|  7294
  9656|    |  7364
  9672| 451|  7345
  9766| 455|  7436
  9774| 456|  7650
  9826| 458|  7513
  9826| 458|  7513
  9856| 459|  7450
  9906| 462|  7463
  9919| 463|  7535
  9927| 464|  7607
  9927| 464|  7607
 10072| 469|  7719
 10135|    |  7710
 10144| 472|  7588
 10164| 475|  7740
 10205| 477|  7818
 10221| 478|  7965
 10250| 480|  8016
 10360| 486|  7751
 10360| 486|  7751
 10361| 487|
 10380| 489|  7884
 10425| 491|  8046
 10476| 493|  7981
 10516| 496|  8068
 10516| 496|  8068
 10537| 497|  7955
 10647| 506|  7978
 10647| 506|  7978
 10697| 508|  8159
 10700| 509|  8102
 10761| 510|  8198
 10830| 514|  8209
 10845| 515|  8271
 10859| 516|  7879
 10934| 519|  8240
 10939| 520|  8241
 10939| 520|  8241
 10982| 522|  8387
 11154| 530|  8544
 11155|    |
 11171| 531|  8497
 11241| 533|  8704
 11257| 534|  8588
 11291| 536|  8714
 11353| 539|  8645
 11415| 542|  8886
 11428| 543|  8814
 11443| 544|  8796
 11502| 546|  8832
 11502| 546|  8832
 11503| 545|
 11503| 545|
 11529| 548|  9009
 11559| 549|  8833
 11604| 550|  8366
 11636| 553|  8903
 11695| 555|  8837
 11733|    |  8751
 11749| 557|  9021
 11753| 558|  8882
 11763| 559|  8993
 11763| 559|  8993
 11909| 563|  9110
 11930| 565|  9061
 11937| 566|  9007
 11949| 568|  9222
 11973| 569|  9153
 11977| 570|  8928
 12020|    |  9165
 12021|    |  9155
 12111| 575|  9480
 12211|    |  9383
 12216| 580|  9598
 12230| 581|  9727
 12235| 582|  9353
 12255| 583|  9326
 12274| 585|  9347
 12279| 586|  9564
 12301| 589|  9573
 12303| 590|  9505
 12311| 591|  9236
 12339| 592|  9763
 12363| 593|  8991
 12438| 594|  9440
 12446| 595|  9487
 12446| 595|  9487
 12447| 596|
 12447| 596|
 12471| 599|  9570
 12524| 602|  9459
 12533| 603|  9640
 12533| 603|  9640
 12534| 604|
 12534| 604|
 12558| 605|  9621
 12573| 607|  9589
 12641| 610|  9631
 12767| 612|  9677
 12800|    | 10031
 12869| 613|  9836
 12885| 615|  9859
 12929| 617|  9884
 13041| 620|  9977
 13161| 622| 10064
 13174| 623| 10053
 13267| 627| 10227
 13294| 628| 10176
 13295| 629| 10180
 13325| 631| 10155
 13363| 633| 10203
 13372| 634| 10220
 13421| 635| 10212
 13468| 639| 10234
 13474| 640| 10438
 13480| 642| 10280
 13480| 642| 10280
 13520| 643| 10340
 13530| 645| 10366
 13555| 646| 10306
 13596| 648| 10328
 13611| 649| 10324
 13611| 649| 10324
 13612| 650| 10305
 13709| 652| 10320
 13869| 655| 10559
 13871| 656| 10540
 13872| 657| 10535
 13974| 660| 10644
 13982| 661| 10718
 13994| 662| 10729
 14055| 664| 10670
 14129| 666| 10642
 14141| 667| 10418
 14191| 669| 10732
 14212| 670| 10819
 14228| 674| 10602
 14252| 675| 10793
 14287| 678| 10513
 14386| 681| 10826
 14392| 682| 10944
 14489| 685| 11060
 14652| 689| 11021
 14690| 691| 11046
 14770| 694| 11220
 14802| 695| 11072
 14818| 696| 11279
 14872| 699| 11313
 14951| 702| 11249
 15004| 704| 11261
 15008| 705| 11001
 15089| 707| 11569
 15130| 708| 11345
 15138| 709| 11465
 15176| 712| 11432
 15228|    | 11427
 15233| 714| 11258
 15248| 715| 11095
 15257| 717| 11486
 15318| 718| 11484
 15335| 720| 11548
 15371| 721| 11407
 15427| 724| 11477
 15550| 729| 11678
 15596| 731| 11698
 15656| 736| 11784
 15779| 739| 11791
 15798| 740| 11783
 15814| 741| 11843
 15975| 744| 11867
 16046| 749| 11918
 16058| 750| 12086
 16074| 752| 12002
 16141|    | 12048
 16161| 754| 12093
 16212| 759| 12107
 16232| 764| 12184
 16234| 763| 12153
 16246| 765| 12189
 16307| 767| 12122
 16400| 771| 12247
 16417| 772| 12186
 16432| 773| 12332
 16522| 776| 11757
 16538| 777| 12288
 16555| 778| 12225
 16582| 779| 12387
 16620| 781| 12390
 16628| 782| 12489
 16727| 785| 12692
 16739| 788| 12623
 16754| 789| 12413
 16765| 790| 12530
 16811| 793| 12640
 16815| 794| 12486
 16861| 797| 12647
 16895| 799| 12777
 16901| 800| 12768
 16908| 801| 12719
 16920| 802| 12484
 16970| 804| 12706
 16978| 806| 12394
 17017| 808| 12784
 17036| 809| 12803
 17051| 810| 12653
 17081| 811| 12770
 17093| 812| 12832
 17094| 813| 12828
 17138| 815| 13133
 17206| 818| 12843
 17361| 824| 13061
 17459| 828| 13108
 17463| 829| 13367
 17504| 833| 12871
 17504| 833| 12871
 17506| 834| 13268
 17528| 835| 13040
 17543| 836| 13165
 17566| 837| 12876
 17573| 838| 13209
 17584| 840| 13254
 17652| 841| 13147
 17709| 843| 13328
 17713| 844| 13197
 17729| 845| 13202
 17769| 847| 13327
 17793| 848| 13225
 17824| 850| 13288
 17829| 851| 13265
 17848| 852| 13141
 17878| 854| 13531
 17879|    |
 17904| 855| 13490
 18091|    | 13579
 18149| 863| 13473
 18191| 867| 13654
 18191| 867| 13654
 18256| 869| 13702
 18256| 869| 13702
 18293| 872| 13244
 18296| 873| 13775
 18322| 874| 13701
 18404| 878| 13834
 18411| 879| 13879
 18449| 882| 13905
 18454| 883| 13782
 18519| 887| 13914
 18519| 887| 13914
 18520| 888|
 18535| 889| 13835
 18604| 896| 13954
 18622| 897| 13847
 18622| 897| 13847
 18623| 898|
 18633| 899| 13951
 18692| 901| 13942
 18760| 904| 14040
 18769| 905| 14109
 18784| 907| 14060
 18784| 907| 14060
 18803|    | 14150
 18866| 909| 13884
 18883| 910| 14143
 18884| 911| 14135
 18907| 914| 14086
 18925| 915| 14328
 18926|    |
 18953| 917| 14168
 18970| 918| 14382
 18978| 919| 14146
 19058| 921| 14354
 19107| 925| 14293
 19134| 927| 14376
 19135| 928|
 19319| 934| 14240
 19356| 936| 14576
 19373| 937| 14632
 19374| 938| 14514
 19400| 939| 14131
 19460| 940| 14586
 19476| 941| 14668
 19548| 944| 14677
 19656| 947| 14817
 19787| 951| 14838
 19832| 954| 14893
 19832| 954| 14893
 19926| 958| 14915
 19994| 962| 14954
 20010| 963| 14879
 20010| 963| 14879
 20150| 972| 15110
 20315| 982| 15338
 20320| 984| 15197
 20365| 987| 15404
 20395| 988| 15244
 20418| 989| 15444
 20559| 992| 15383
 20610| 994| 15382
 20618| 995| 15514
 20630| 996| 15457
 20630| 996| 15457
 20663|1000| 15557
 20663|1000| 15557
 20677|1002| 15648
 20720|1003| 15474
 20756|1005| 15627
 20756|1005| 15627
 20766|1006| 15330
 20791|1007| 15619
 20791|1007| 15619
 20794|1008| 15510
 20807|1010| 15371
 20825|1012| 15696
 20893|1015| 15737
 20893|1015| 15737
 20902|1017| 15863
 21017|1022| 15861
 21024|1025| 15201
 21050|1027| 15870
 21120|1030| 15900
 21364|1038| 16083
 21423|1042| 15987
 21428|1044| 16244
 21467|1048| 16181
 21552|1052| 16335
 21574|1054| 16112
 21635|1058| 16156
 21686|1061| 16322
 21754|1066| 16369
 21770|1069| 16499
 21790|1070| 16341
 21933|1079| 16511
 22001|1083| 16245
 22049|1084| 16537
 22091|1086| 16664
 22192|1087| 16826
 22203|1088| 16611
 22374|    | 16859
 22470|1100| 16803
 22484|1101| 16852
 22663|1106| 16870
 22713|1111| 17027
 22789|1114| 17007
 22796|1115| 17103
 22805|1118| 17181
 22920|1121| 17167
 22928|1122| 17358
 22951|1123| 17313
 23016|1126| 17309
 23180|1131| 17448
 23183|1132| 17408
 23227|1134| 17304
 23230|1135| 17529
 23249|1136| 17378
 23288|1140| 17489
 23302|1142| 17499
 23319|1143| 17351
 23324|1144| 17527
 23338|1145| 17531
 23363|1146| 17457
 23401|1148| 17959
 23408|1149| 17573
 23413|1150| 17506
 23432|1151| 17579
 23441|1152| 17588
 23441|1152| 17588
 23466|1153| 17563
 23480|1156| 17608
 23607|    |
 23614|1162| 17593
 23629|    |
 23629|    |
 23630|1165| 17702
 23738|1171| 17618
 23754|1173| 17651
 23793|1174| 17771
 23817|1175| 17440
 23822|    | 17832
 23848|1177| 17886
 23850|1178| 17847
 23862|1180| 17851
 23862|1180| 17851
 23878|1181| 17717
 23940|1184| 17738
 24071|1189| 17797
 24072|1190|
 24160|1195| 17874
 24263|1199| 18089
 24388|1202| 18141
 24398|1203| 18246
 24512|1208| 17678
 24534|1209| 18350
 24546|1210| 18453
 24554|1211| 18255
 24555|1212|
 24587|1213| 18216
 24626|1214| 18213
 24626|1214| 18213
 24740|1218| 18471
 24760|1220| 18532
 24769|1221| 18485
 24912|1228| 18614
 25025|1231| 18543
 25204|1239| 18724
 25267|1240| 18673
 25340|1244| 18788
 25422|1247| 18597
 25490|1251| 18907
 25555|1252| 19009
 25558|1253| 18957
 25604|1256| 19038
 25642|1261| 19167
 25680|1262| 19076
 25705|1264| 18744
 25728|1266| 18772
 25823|1268| 19171
 25867|1269| 19205
 25940|1273| 19343
 25940|1273| 19343
 25975|1277| 19302
 25998|1278| 19335
 26162|1283| 19388
 26162|1283| 19388
 26322|1287| 19513
 26409|1290| 19483
 26462|1292| 19554
 26574|1298| 19587
 26612|1302| 19515
 26630|1303| 19812
 26673|1306| 19811
 26690|1309| 19719
 26722|1311| 19740
 26846|1318| 19777
 26911|1319| 19877
 26912|1320| 19860
 26961|1324| 20070
 26961|1324| 20070
 26965|1325| 19849
 26967|1326| 19747
 26976|    |
 27045|1329| 19990
 27045|1329| 19990
 27176|1331| 20087
 27192|1333| 20234
 27256|1336| 19780
 27290|1338| 19893
 27295|1339| 20171
 27309|1341| 20186
 27348|1343| 20252
 27371|1346| 20205
 27376|1347| 20042
 27382|1348| 20250
 27383|    | 20215
 27396|1350| 20354
 27397|1351| 20219
 27442|1355| 19921
 27459|1356| 20261
 27563|1363| 20271
 27628|1368| 20400
 27638|1369| 20430
 27657|1372| 20020
 27697|1373| 20455
 27697|1373| 20455
 27749|1376| 20484
 27777|1377| 20579
 27778|1378| 20533
 27786|1379| 20591
 27819|1380| 20542
 27819|1380| 20542
 27820|1381| 20522
 27861|1383| 20507
 27934|1387| 20635
 27934|1387| 20635
 27946|1388| 20641
 27946|1388| 20641
 27962|1389| 20648
 27962|1389| 20648
 27991|1391| 20661
 28024|1392| 20711
 28024|1392| 20711
 28028|1393| 20535
 28028|1393| 20535
 28052|1394| 20713
 28093|1395| 20384
 28100|1396| 20732
 28149|1399| 20789
 28149|1399| 20789
 28292|1407| 20877
 28294|1408| 20873
 28305|1409| 20889
 28307|1411| 20885
 28319|1412| 20894
 28355|1414| 20901
 28375|1415| 20884
 28446|1417| 21148
 28485|1422| 20995
 28525|1426| 20049
 28546|1428| 21039
 28556|1430| 21036
 28595|    | 21082
 28677|1432| 21137
 28704|1434| 21242
 28749|1437| 21139
 28873|1443| 21060
 28910|1444| 21273
 29009|1449| 21278
 29064|1451| 21296
 29085|1453| 21248
 29094|1454| 21476
 29116|1456| 20297
 29139|1457| 21421
 29140|1458| 21402
 29248|1463| 21444
 29291|1464| 21393
 29305|1465| 21281
 29316|1466| 21730
 29317|1467| 21727
 29335|1469| 21515
 29375|1472| 21588
 29388|1473| 21589
 29388|1473| 21589
 29391|1474| 21547
 29479|1478| 21673
 29488|1479| 21683
 29503|1481| 21594
 29589|1484| 21735
 29589|1484| 21735
 29712|1492| 21479
 29722|1494| 21928
 29755|1496| 21763
 29763|1497| 21881
 29763|1497| 21881
 29859|1499| 21961
 29875|1502| 21770
 29992|1503| 21861
 30020|1505| 21986
 30021|1506|
 30076|1508| 22024
 30121|1511| 22287
 30185|1516| 21914
 30202|1518| 21998
 30211|1520| 22109
 30478|1530| 22040
 30495|1532| 22263
 30504|1533| 22453
 30605|1537| 22441
 30606|1538| 22325
 30608|1539| 22280
 30612|1541| 21949
 30614|1542| 22783
 30652|1543| 22449
 30652|1543| 22449
 30739|1544| 22509
 30780|1547| 22565
 30814|1549| 22479
 30834|1551| 22678
 30836|1552| 22549
 30836|1552| 22549
 30958|1555| 22854
 30959|1556| 22667
 30985|1557| 22488
 31109|1560| 22701
 31139|1562| 22730
 31203|1563| 22531
 31204|1564| 22534
 31204|1564| 22534
 31237|1567| 22797
 31278|1568| 23040
 31283|1569| 22833
 31295|1570| 22845
 31295|1570| 22845
 31398|1577| 23015
 31421|1580| 22957
 31444|1581| 22881
 31512|1582| 22958
 31553|1586| 23068
 31579|1588| 23216
 31592|1590| 23088
 31647|1592| 23179
 31647|1592| 23179
 31761|1599| 23261
 31767|1601| 23123
 31780|1602| 23268
 31845|    | 23214
 31910|1603| 23522
 31964|1605| 23416
 31996|1607|
 32008|1608| 23221
 32045|1611| 23231
 32068|1612| 23453
 32249|1617| 23364
 32301|1620| 23497
 32343|1622| 23734
 32357|1623| 23743
 32440|1629| 22871
 32503|1634| 23474
 32537|1637| 23783
 32549|1638| 23607
 32630|1641| 23767
 32736|1648| 23680
 32743|1649| 23482
 32831|1652| 23595
 32831|1652| 23595
 32846|1653| 23596
 32887|1654| 23685
 32923|1656| 23835
 32964|1657| 23794
 32977|1658| 23871
 32990|1659| 23900
 32991|1660| 23883
 33021|1662| 23852
 33042|1663| 23649
 33054|1664| 23879
 33111|1666| 23875
 33254|1672| 23983
 33256|1673| 23941
 33262|1674| 23693
 33276|1676| 24010
 33285|1677| 23467
 33296|1678| 24348
 33328|1679| 23972
 33641|1689| 24340
 33802|1696| 24244
 33856|1698| 24331
 33904|1702| 24305
 33949|1705| 24327
 33959|1706| 24504
 33988|    |
 34029|1708| 24608
 34053|1711| 24512
 34078|1712| 24575
 34085|1713| 24436
 34172|1716| 23148
 34203|1718| 24555
 34233|1719| 24836
 34334|1726| 24727
 34364|1728| 24740
 34411|1729| 24813
 34499|1734| 24832
 34503|1735| 24674
 34559|1739| 24822
 34578|1740| 24879
 34642|1743| 24659
 34649|1744| 24372
 34658|1746| 24817
 34759|1749| 25048
 34787|1751| 25197
 34816|1756| 24845
 34863|1757| 24873
 35039|1765| 25044
 35072|1767| 24829
 35076|1768| 25192
 35148|    | 25145
 35149|1770| 25142
 35186|1773| 25292
 35189|1774| 25216
 35296|1780| 25278
 35337|1783| 25202
 35369|1784| 25247
 35410|1787| 25282
 35411|1788| 25281
 35439|1789| 25302
 35439|1789| 25302
 35468|1790| 25336
 35497|1791| 25428
 35497|1791| 25428
 35532|1798| 25410
 35580|1801| 25098
 35583|1802| 25769
 35620|1805| 25541
 35620|1805| 25541
 35671|1808| 25499
 35708|1810| 25539
 35715|1811| 25473
 35715|1811| 25473
 35770|1814| 25555
 35802|1816| 25583
 35860|1818| 25303
 35943|1821| 25695
 36066|1828| 25973
 36079|1829| 25606
 36167|1834| 25737
 36167|1834| 25737
 36189|1836| 25429
 36217|1837| 25785
 36267|1839| 25813
 36351|1842| 25861
 36371|1843| 25984
 36389|1845| 25945
 36473|1849| 25853
 36485|1851|
 36485|1851|
 36486|1852| 25930
 36486|1852| 25930
 36512|1855| 25923
 36570|1857| 26408
 36576|1858| 26064
 36597|1862| 25859
 36653|1864| 26093
 36673|1865| 25985
 36695|1868| 26063
 36777|1872| 26126
 36819|1875| 26248
 36822|1876| 26176
 36861|1879| 26207
 36861|1879| 26207
 36862|1880|
 36862|1880|
 37018|1892| 26237
 37020|1893| 26220
 37020|1893| 26220
 37021|1894|
 37022|1895| 26221
 37023|1896| 26224
 37041|1897| 26235
 37043|1899| 26241
 37070|    | 26587
 37077|1901| 26268
 37128|1903| 26311
 37147|1905| 26382
 37160|1907| 26366
 37202|1910| 26451
 37269|1914| 26536
 37297|1917| 26001
 37297|1917| 26001
 37350|1922| 26069
 37430|1926| 26412
 37438|1928| 26640
 37468|1931| 26549
 37479|1932|
 37490|1934| 26594
 37495|1935| 26460
 37507|1937| 26563
 37601|1941| 26942
 37638|1943| 27046
 37711|1946| 26777
 37742|1948| 26727
 37742|1948| 26727
 37743|1949|
 37763|1953| 25918
 37795|1956| 26634
 37984|1963| 26885
 38090|1968| 26865
 38091|1969| 27249
 38104|1971| 27196
 38129|    | 27283
 38392|1982|
 38393|1983| 27072
 38478|1985| 27265
 38545|1989| 27316
 38558|1990| 27338
 38602|1991| 26264
 38618|1992| 27592
 38622|1993| 27364
 38656|1995| 27483
 38666|1996| 27204
 38678|1998| 27288
 38710|1999| 27386
 38751|2002| 27468
 38771|2004| 27366
 38831|2006| 27731
 38899|2010| 27511
 38944|2011| 27639
 39003|2012| 27673
 39014|2015| 27100
 39019|2016| 27581
 39060|2020| 27321
 39091|2022| 26394
 39220|2027| 27971
 39220|2027| 27971
 39283|2029| 27949
 39283|2029| 27949
 39291|2031| 27658
 39317|2033| 27743
 39357|2034| 27830
 39364|2035| 27654
 39400|2037| 27750
 39425|2040| 27628
 39523|2042| 27530
 39587|2047| 27913
 39698|2052| 27965
 39764|2056| 27810
 39780|2059| 25776
 39801|2061| 27989
 39810|2062| 27369
 39816|2063|
 39844|2064| 27534
 40035|2077| 28358
 40111|2084| 28237
 40136|2085| 28103
 40176|2087| 28010
 40183|2088| 28360
 40239|2091| 28404
 40248|2092| 28098
 40312|2095| 28380
 40372|2100| 28271
 40394|2101| 28499
 40409|2102| 27890
 40446|2103| 28296
 40494|2106| 28199
 40535|2107| 28321
 40536|2108| 28325
 40724|2116| 28561
 40801|2119| 28677
 40808|2120| 28328
 40873|2123| 28765
 40932|2124| 28614
 40953|2125| 27566
 40967|2128| 28574
 41040|2130| 28691
 41074|2132| 28823
 41116|2134| 28734
 41117|2135| 28716
 41357|2143| 28946
 41361|2144| 28812
 41380|2145| 28814
 41511|2148| 28816
 41534|2149| 28756
 41543|    | 28969
 41597|2152| 29246
 41695|2155| 28910
 41698|2156| 28874
 41753|2159| 29038
 41927|2165| 29490
 42042|2168| 29048
 42078|2171| 28957
 42087|2173| 29225
 42126|2175| 29388
 42127|2176|
 42167|2177| 29034
 42216|    | 29288
 42303|2181| 29064
 42398|2185| 29379
 42509|2193| 29433
 42525|2194| 28909
 42543|2197| 29450
 42545|2198| 29434
 42560|2199| 29426
 42633|2201| 29730
 42933|2212| 29276
 42973|2215| 29919
 42995|2216| 29655
 43039|2219| 29696
 43042|2220| 29650
 43107|2221| 29134
 43153|2223| 29704
 43232|2227| 29651
 43232|2227| 29651
 43244|2228| 29884
 43247|2229| 29736
 43261|2230| 29789
 43378|2238| 30060
 43380|2239| 29949
 43384|2240| 29840
 43386|2241| 29800
 43455|2245| 29353
 43525|2247| 29850
 43740|    | 30003
 43749|    | 30278
 43760|2255| 29885
 43785|2256| 29807
 43812|2257| 30272
 43818|    | 30046
 43834|2261| 29271
 43836|    | 30049
 43905|2264| 30247
 44112|2273| 30073
 44402|2282| 30122
 44478|2286| 30343
 44537|2289| 30520
 44639|    |
 44691|2291| 30651
 44708|2293| 30679
 44743|2294| 30324
 44762|2296| 30277
 44762|2296| 30277
 44769|2298| 30419
 44769|2298| 30419
 44770|2299| 30422
 44770|2299| 30422
 44984|2308| 30564
 44990|2310| 30541
 45229|2320| 30342
 45348|2326| 30438
 45352|    | 30757
 45394|2330| 30769
 45410|2331| 31039
 45412|2332| 30827
 45416|2334| 30717
 45418|    | 30700
 45433|2335| 30720
 45466|2338| 30972
 45542|2343| 30883
 45542|2343| 30883
 45546|2344| 30772
 45572|2348| 30591
 45572|2348| 30591
 45669|2352| 30321
 45725|2356| 30867
 45726|2357|
 45727|2358|
 45813|2361| 30788
 46031|2371| 31105
 46052|2372| 31173
 46101|2376| 31359
 46116|2377| 30565
 46136|    | 31158
 46241|2382| 31159
 46300|2385| 31216
 46328|2387| 31125
 46355|2389| 30932
 46480|2394| 31676
 46553|2398| 31434
 46590|2402| 31665
 46642|2404| 31385
 46687|2405| 31579
 46781|    | 31525
 46860|2412| 31137
 46933|2414| 31416
 47070|2419| 31771
 47100|2420| 31789
 47105|2421| 31681
 47105|2421| 31681
 47138|2423| 31564
 47152|2425| 31737
 47174|2427| 31832
 47205|2429| 31592
 47306|2435| 31407
 47395|2438| 31852
 47442|2443| 31700
 47670|2451| 31685
 47731|2453| 32019
 47839|2456| 31978
 47914|2459| 32173
 47973|2462| 31765
 47973|2462| 31765
 48097|2466| 32104
 48250|2470| 32438
 48329|2473| 32246
 48432|2477| 32489
 48433|2478| 32249
 48450|2480| 32311
 48682|2483| 32480
 48737|2484| 32362
 48781|2487| 32562
 48843|2489| 32404
 48879|2490| 32864
 48915|2491| 32349
 48917|2492| 32292
 48977|2494| 32463
 49161|2503| 32533
 49229|2504| 32492
 49293|2506| 32578
 49333|2509| 32504
 49340|2511| 33104
 49520|2516| 32844
 49591|2518| 32537
 49591|2518| 32537
 49606|2519| 32753
 49618|2520| 33048
 49619|    |
 49738|2525| 32814
 49877|2526| 32531
 49908|2529| 32921
 50013|2538| 32759
 50018|2539| 33041
 50019|2540| 33018
 50037|2541| 33064
 50037|2541| 33064
 50204|2547| 33133
 50223|2548| 32765
 50241|2550| 32607
 50310|2553| 32768
 50337|2554| 32761
 50506|2559| 31897
 50522|2560| 33449
 50635|2564| 33202
 50658|2568| 33377
 50692|2569| 33277
 50707|2571| 33092
 50707|2571| 33092
 50778|2574| 33160
 50877|2580| 33152
 50973|2585| 33485
 50973|2585| 33485
 51055|2588| 33248
 51055|2588| 33248
 51199|2590| 33302
 51199|2590| 33302
 51250|2593| 33345
 51309|2596| 33347
 51440|2600| 33614
 51530|2601| 33595
 51557|2602| 32912
 51557|2602| 32912
 51688|2605| 33650
 52005|2615| 33715
 52089|2618| 33579
 52092|2619| 33558
 52497|2630| 33927
 52877|2646| 33856
 52918|2648| 33971
 52973|2650| 34088
 53047|2652| 33779
 53138|2653| 33977
 53244|2657| 34045
 53257|2659| 34182
 53633|    | 34572
 53704|2666| 34081
 53704|2666| 34081
 53791|2671|
 53811|2672| 34059
 53811|2672| 34059
 54131|2684| 34440
 54239|2689| 33384
 54475|2691| 34339
 54605|2693| 34444
 54716|2696| 34752
 54719|2697| 34693
 54801|2700| 34722
 54810|2701| 34622
 54893|2702| 34495
 55052|2706| 34819
 55057|2707| 34724
 55156|    | 34861
 55185|2714| 34769
 55280|2715| 35146
 55383|2717| 34909
 55383|2717| 34909
 55522|2718| 34798
 55621|2725| 35025
 55719|2727| 34802
 55719|2727| 34802
 55864|2735| 34473
 55864|2735| 34473
 55865|2736| 34481
 55865|2736| 34481
 55870|2738| 35152
 55892|2740| 34834
 55892|2740| 34834
 55966|2742| 36547
 56003|2744| 35080
 56014|2745| 34981
 56022|2746| 34899
 56022|2746| 34899
 56096|2748| 34922
 56139|2749| 35037
 56221|2753| 35341
 56537|2763| 35350
 56577|2764| 35210
 56820|2772| 35735
 56855|2773| 35264
 56986|2777| 35550
 57060|2781| 35412
 57060|2781| 35412
 57061|2782| 35415
 57066|    | 35726
 57102|2783| 35783
 57103|2784| 35785
 57150|2787| 35363
 57150|2787| 35363
 57167|2788| 35487
 57197|2789| 35347
 57219|2790| 35406
 57219|2790| 35406
 57240|2791| 35393
 57264|2793| 35710
 57423|2795| 35699
 57623|2803| 35228
 57669|2805| 35907
 57727|2808| 35846
 57744|2810| 35842
 57927|2816| 35941
 58142|2818| 36145
 58187|2820| 35987
 58207|2821| 36046
 58350|2827| 35904
 58350|2827| 35904
 58367|2828| 36041
 58579|2837| 36156
 58715|2845| 36188
 58728|2846| 36238
 58855|2849| 36439
 58923|2851| 36265
 58946|2852| 36366
 58972|2854| 36284
 59037|2857| 36393
 59037|2857| 36393
 59148|2861| 36429
 59148|2861| 36429
 59294|2864| 36425
 59635|2875| 36363
 59635|2875| 36363
 59693|    | 36521
 59717|2878| 36377
 59881|2880| 36641
 60107|2886| 36760
 60111|2887| 36723
 60178|2890|
 60178|2890|
 60179|2891| 36850
 60179|2891| 36850
 60357|2901| 36812
 60522|2905| 36962
 60584|2909| 36817
 60585|2910|
 60606|2911| 36778
 60606|2911| 36778
 60816|2919| 36039
 60863|2922| 36917
 60986|2924| 37204
 61064|2927| 37088
 61106|2929| 37406
 61110|2930| 37265
 61248|2934| 36942
 61330|2937| 37096
 61338|2938| 37300
 61391|2940| 37043
 61421|2943| 37279
 61429|2944| 37173
 61429|2944| 37173
 61497|2946| 37609
 61555|2948| 37229
 61555|2948| 37229
 61556|2949|
 61556|2949|
 61641|2954| 37223
 61641|2954| 37223
 61715|2957| 37174
 61715|2957| 37174
 61772|2959| 37379
 61831|2961| 37297
 61831|2961| 37297
 61878|2963| 37322
 61899|2964| 37329
 61925|2968| 37345
 61935|2970| 37447
 61935|2970| 37447
 62044|2973| 37629
 62066|2975| 37949
 62140|2977| 37934
 62285|2983| 37704
 62345|2985| 37740
 62509|2990| 37826
 62510|2991| 37811
 62576|2993| 37648
 62623|2996| 37677
 62623|2996| 37677
 62713|3002| 37664
 62721|3003| 37908
 62832|3008| 37921
 62863|3009| 37842
 62864|3010| 37843
 62898|3013| 38016
 62952|3015| 37891
 63032|3017| 37819
 63032|3017| 37819
 63077|3018| 37853
 63208|3021| 38106
 63295|3024| 37504
 63336|3029| 38048
 63462|3034| 38070
 63660|3043| 38146
 63697|3044| 38211
 63700|3045| 38170
 63744|3046| 38089
 63922|3055| 38164
 63975|3059| 38373
 64077|3063| 38372
 64096|3064| 38382
 64106|3065| 38623
 64144|3066| 38639
 64145|3067| 38538
 64145|3067| 38538
 64238|3073| 38427
 64379|3079| 38423
 64440|3080| 38414
 64440|3080| 38414
 64503|3084| 38455
 64503|3084| 38455
 64648|3086| 38722
 64760|3090| 38518
 64760|3090| 38518
 64960|3095| 38848
 65228|3102| 38835
 65228|3102| 38835
 65339|3109| 39261
 65345|3110| 38962
 65456|3113| 38901
 65551|3116| 38872
 65575|3117| 38827
 65626|3119| 39348
 65685|3121| 38917
 65695|3122| 39079
 65699|3123| 39023
 65714|3124| 39191
 65714|3124| 39191
 65759|3128| 39177
 65818|3129| 38957
 65856|3132| 39263
 65856|3132| 39263
 65873|3134| 39236
 65953|3141| 39211
 66141|3145| 39311
 66216|3149| 39424
 66216|3149| 39424
 66591|3159| 39138
 66591|3159| 39138
 66664|3163| 39567
 66811|3165| 39429
 66824|3167| 39722
 66834|3168| 39524
 66875|3169| 39659
 66875|3169| 39659
 67006|3173| 39847
 67228|3176| 39780
 67228|3176| 39780
 67447|3182| 40215
 67483|3184| 39874
 67523|3185| 39757
 67523|3185| 39757
 67594|3188| 39863
 67690|    | 40007
 67767|3191| 40023
 67767|3191| 40023
 67797|3192| 39906
 68146|3202| 40035
 68243|3206|
 68243|3206|
 68256|3209| 40167
 68256|3209| 40167
 68257|3208| 40167
 68257|3208| 40167
 68273|3207| 39953
 68273|3207| 39953
 68290|3211| 40084
 68351|3215| 40240
 68351|3215| 40240
 68456|3220| 39903
 68457|3221| 40474
 68520|3223| 39794
 68553|3225| 40091
 68553|3225| 40091
 68752|3229| 40259
 68808|3232| 40155
 68930|3235| 40646
 68980|3237| 40274
 69142|3243| 40326
 69148|3245| 40772
 69194|3247| 40282
 69243|3248|
 69267|3249| 40526
 69548|3254| 40875
 69665|3257| 40604
 69863|3260| 40429
 69897|3262| 40843
 70011|3268| 40881
 70060|3270| 40706
 70272|3275| 41075
 70555|3282| 40945
 70569|3284| 41117
 70569|3284| 41117
 70673|3289| 41067
 70734|3290| 41163
 70930|3294| 41039
 70958|3297| 41211
 71030|3299| 41319
 71046|3301| 40817
 71066|3302| 40834
 71093|3304| 41377
 71129|3307| 41037
 71150|3310| 41404
 71151|3311|
 71152|3312| 41389
 71152|3312| 41389
 71153|3313|
 71155|3314| 41307
 71155|3314| 41307
 71243|3318| 40702
 71250|3319| 41400
 71297|3321| 41375
 71369|3323| 41704
 71496|3329| 41574
 71496|3329| 41574
 71555|3333| 41578
 71576|3334| 41003
 71701|3340| 40888
 71878|3347| 41312
 71935|3350| 41483
 72037|3354| 42080
 72041|3355| 41816
 72041|3355| 41816
 72094|3357| 41822
 72108|3358| 41616
 72108|3358| 41616
 72291|3365| 41975
 72292|3366| 41909
 72324|3369| 41940
 72359|3372| 41904
 72524|3377| 42090
 72779|3387| 42133
 72905|3391| 42438
 72968|3398| 42146
 73108|3403| 42527
 73143|3406| 42265
 73155|3407| 42088
 73155|3407| 42088
 73262|3410| 42313
 73316|3412| 42353
 73340|3413| 42177
 73340|3413| 42177
 73389|3414| 42134
 73390|3415| 42129
 73471|3418| 42402
 73495|3420| 42334
 73575|    | 42485
 73593|3422| 42604
 73634|3426| 42312
 73665|3427| 42516
 73666|    | 42523
 73731|3429| 42556
 73785|    | 42578
 73840|3431| 42509
 73898|3433| 42483
 74006|3438| 42515
 74137|3441| 42662
 74180|3445| 42570
 74195|3447| 42536
 74195|3447| 42536
 74198|3449| 42806
 74228|3450| 42795
 74272|3452| 42624
 74280|3454| 42799
 74375|3457| 42568
 74395|3459| 42835
 74395|3459| 42835
 74405|3460| 42425
 74442|3461| 42911
 74485|3464| 42954
 74485|3464| 42954
 74521|3465| 42917
 74575|3468| 42828
 74591|3469| 42931
 74738|3474| 43100
 74738|3474| 43100
 74739|3475| 43103
 74739|3475| 43103
 74753|3476| 42834
 74772|3477| 42884
 74873|3481| 43121
 74874|3482| 43109
 74918|3484| 43067
 74956|3485| 42913
 75063|3487| 43023
 75137|3492| 43234
 75311|3498| 43105
 75333|3500| 43305
 75416|3502| 42637
 75486|3505| 43644
 75506|3508| 43531
 75528|3510| 43454
 75558|    | 43463
 75630|3514| 43325
 75691|3518| 43409
 75698|3519| 43584
 75710|3520| 43347
 75716|3521| 43575
 75716|3521| 43575
 75732|3522| 43587
 75732|3522| 43587
 75737|3523| 43496
 75747|3524| 42794
 75821|3527| 43413
 75958|3531| 43903
 75959|3532| 43721
 75959|3532| 43721
 76219|3540| 43834
 76219|3540| 43834
 76221|3541| 43811
 76294|3547| 43813
 76351|3550| 43851
 76369|3552| 43822
 76370|3553|
 76398|3555| 43932
 76483|3556| 43825
 76543|3561| 43970
 76543|3561| 43970
 76572|3563| 44031
 76572|3563| 44031
 76582|3565| 44001
 76644|3569| 44127
 76728|3571| 43783
 76756|3572| 44066
 76805|3574| 43878
 76813|3575| 44154
 76827|3576| 44390
 76943|3579| 44248
 77002|3582| 43937
 77104|3587| 44307
 77190|3589| 44342
 77258|3591| 44191
 77258|3591| 44191
 77327|3594| 44471
 77350|3595| 44405
 77350|3595| 44405
 77370|3598| 44143
 77557|3601| 44512
 77800|3609| 44857
 77800|3609| 44857
 77996|3613| 44659
 78004|3614| 44511
 78045|3615| 44382
 78154|3616| 45038
 78209|3619| 44901
 78235|3621| 44818
 78316|3623| 44798
 78347|    | 44838
 78362|3624| 45075
 78363|    |
 78418|3626| 44892
 78515|3627| 44946
 78541|3628| 44824
 78556|3630| 44883
 78647|3634| 44816
 78712|3639| 45058
 78715|3640| 45033
 78732|3641| 44961
 78764|3642| 44626
 78791|3643| 44599
 78922|3644| 45001
 79009|    | 45153
 79028|3648| 45333
 79096|3650| 45170
 79096|3650| 45170
 79158|3652| 45290
 79193|3655| 45184
 79351|3659| 45080
 79354|3660| 45455
 79439|3662| 45493
 79447|3663| 45101
 79469|3665| 45336
 79554|3669| 45410
 79554|3669| 45410
 79735|3674| 45344
 79807|3677| 45386
 79837|3678| 43908
 79910|3681| 45527
 79917|3682| 45439
 79931|3683| 45526
 79940|3684| 45448
 79940|3684| 45448
 80007|3685| 45238
 80081|3690| 45688
 80105|    | 45588
 80218|    | 45699
 80230|3696| 45496
 80290|3697| 45836
 80404|3699| 45556
 80456|3703| 45631
 80493|3705| 45860
 80499|3706| 45751
 80586|3709| 45811
 80874|3718| 45902
 81101|3728| 45856
 81146|3731| 46146
 81169|3733| 46026
 81188|3734| 45941
 81420|3738| 46221
 81420|3738| 46221
 81688|3743| 46471
 81728|3744| 46365
 81797|3748| 46390
 81799|3749| 46371
 81848|3753| 46283
 81848|3753| 46283
 81858|3754| 46454
 81873|3755| 46457
 81937|3757| 46733
 81997|3759| 46509
 82087|3764| 46652
 82150|3765| 46515
 82189|3768| 47013
 82198|3769| 46735
 82210|3771| 46977
 82308|3773| 46750
 82328|3775| 46853
 82381|3779| 46774
 82383|3780| 46657
 82384|3781|
 82395|3782| 46771
 82434|3786| 46651
 82446|3787| 46776
 82513|3789| 46734
 82522|3791| 46904
 82554|3795| 46107
 82621|3799| 47006
 82635|3800| 46952
 82668|3803| 46701
 82870|3814| 46982
 82885|3815| 47080
 82901|3816|
 83023|3818| 47096
 83058|3819| 46950
 83095|3821| 46741
 83183|3825| 46974
 83189|3826| 47189
 83240|3827| 47205
 83240|3827| 47205
 83273|    | 47247
 83287|3829| 47300
 83343|    | 47266
 83373|3832| 47249
 83425|3834| 47310
 83446|3836| 47175
 83506|3839| 47654
 83548|3842| 47267
 83618|3845| 47431
 83650|3846| 47427
 83754|3849| 47452
 83805|3851| 47570
 83808|3852| 47508
 83809|    |
 83821|3853| 47550
 83944|3856| 47391
 83951|3857| 47631
 83953|3858| 47522
 83979|3860| 46928
 84107|3861| 47701
 84179|3865| 47911
 84194|3866| 47723
 84335|3870| 47965
 84367|3871| 47758
 84441|3873| 47908
 84453|    | 47973
 84461|3875| 47717
 84461|3875| 47717
 84561|3877| 47959
 84722|3880| 48029
 84737|3881| 48113
 84748|3882|
 84810|3884| 47854
 84999|3888| 48319
 85029|    | 48256
 85040|3889| 48218
 85123|3890| 48002
 85123|3890| 48002
 85124|3891|
 85217|3893| 48273
 85235|3894| 48402
 85268|3896| 48324
 85355|3898| 48224
 85364|3899| 48341
 85376|3900| 48390
 85396|3902| 47956
 85444|3903| 48356
 85503|3905| 48455
 85503|3905| 48455
 85504|3906| 48414
 85558|3909| 48437
 85622|3912| 48374
 85762|    | 48552
 85795|3917| 48682
 85795|3917| 48682
 86012|    | 48742
 86146|3928| 48833
 86360|3937| 48883
 86440|3940| 48774
 86611|3945| 48990
 86629|3947| 48926
 86655|    |
 86663|3950| 49029
 86728|3951| 49081
 87301|3961| 49329
 87504|3970| 49402
 87682|3973| 49530
 87696|3974| 49593
 87737|3975| 49583
 87837|3980| 49637
 87887|3981| 49641
 87901|3982| 49669
 87971|3983| 49065
 87971|3983| 49065
 88195|3989| 49812
 88206|3990| 49712
 88284|3994| 49841
 88333|3996| 49865
 88351|3997| 49326
 88355|3998| 49929
 88366|3999| 49751
 88547|4004| 50027
 88651|4008| 50222
 88697|    | 50100
 88764|    | 50140
 88786|4014| 50218
 88955|4023| 50191
 88960|4024| 50303
 88960|4024| 50303
 88981|4025| 50083
 88981|4025| 50083
 88983|4026| 50448
 88986|4027| 50316
 89010|4030| 50319
 89021|4033| 50372
 89025|4031| 50335
 89056|4035| 50333
 89080|4037| 50099
 89125|4039| 50384
 89254|4042| 50414
 89388|4050| 50371
 89449|4054| 50564
 89484|4057| 50583
 89484|4057| 50583
 89485|4058|
 89485|4058|
 89688|4064| 50684
 89688|4064| 50684
 89758|4069| 50801
 89774|4070| 50755
 89890|4074| 50676
 89890|4074| 50676
 89904|4075| 50860
 89962|4077| 50851
 89998|4080| 50799
 90040|4081| 50935
 90044|4082| 50885
 90250|    | 51047
 90254|4088| 51008
 90264|4089| 50847
 90264|4089| 50847
 90277|4090| 51056
 90432|4094| 51069
 90473|    | 51117
 90485|    | 51135
 90537|4100| 51233
 90569|4101| 51213
 90589|4102| 50954
 90610|4104| 51172
 90633|4106| 51401
 90772|4110| 51192
 90839|4112| 51459
 90840|4113| 51420
 90853|4114| 51232
 90882|4116| 51362
 90972|4118| 51376
 90994|4119| 51437
 91011|    | 51451
 91130|4124| 51556
 91130|4124| 51556
 91232|4127| 51585
 91316|4133| 51624
 91324|4134| 51523
 91355|4135| 51561
 91365|4137| 51685
 91369|    | 51614
 91375|4138| 51438
 91375|4138| 51438
 91465|4140| 51576
 91480|4141| 51814
 91504|4143| 51635
 91550|4145| 51718
 91612|4146| 51775
 91636|4148| 51802
 91636|4148| 51802
 91752|4150| 51914
 91793|4153| 51821
 91880|4156| 51905
 91942|4159| 51849
 92000|    | 52032
 92055|4163| 52009
 92063|4164| 51912
 92125|4166| 52098
 92139|4167| 51986
 92168|4168| 52139
 92214|4171| 52085
 92214|4171| 52085
 92305|4174| 51839
 92397|4177| 52102
 92424|4178| 52353
 92449|4180| 52154
 92588|4182| 52316
 92728|4187| 52478
 92749|    | 52401
 92763|    |
 92769|4189| 52422
 92825|4192| 52457
 92841|4193| 52452
 93030|4199| 52419
 93070|4200| 52468
 93075|    | 52650
 93102|4201| 52584
 93132|4202| 52685
 93152|4203| 52638
 93244|4207| 52660
 93257|4208| 52686
 93291|4209| 52689
 93308|4210|
 93397|4214| 52737
 93497|4216| 52727
 93636|4223| 52882
 93702|4227| 52911
 93742|4229| 52913
 93765|4230| 52959
 93779|4231| 52595
 93813|4232| 52943
 93845|4234| 52633
 93859|4235| 53043
 93875|4236| 53064
 93903|4237| 52980
 94247|4246| 53261
 94264|4247| 53229
 94264|4247| 53229
 94334|4248| 53295
 94388|4251| 53252
 94402|4253| 53273
 94480|4254| 53355
 94497|4256| 53377
 94510|4257| 53253
 94600|4258| 53426
 94601|4259| 53417
 94602|4260|
 94672|4265| 53423
 94705|4267| 53449
 94705|4267| 53449
 94747|4270| 53492
 94776|4271| 53394
 94890|4273| 53502
 95128|4277| 53721
 95272|4287| 53740
 95310|4288| 53838
 95345|4291| 53807
 95370|4293| 53773
 95382|4294| 53824
 95418|4295| 53910
 95578|4299| 53907
 95608|4300| 53954
 95689|4301| 54061
 95849|4306| 54049
 95934|4309| 54136
 96094|    | 54196
 96097|4310| 54182
 96124|4312| 53702
 96202|4314| 54204
 96314|4317| 54255
 96418|    | 54347
 96436|4319| 54336
 96528|4322| 54388
 96566|4325| 54301
 96566|4325| 54301
 96738|4332| 54487
 96833|4335| 54539
 96918|4337| 54463
 96919|4338| 54461
 96919|4338| 54461
 97277|4343| 54682
 97411|4347| 54742
 97411|4347| 54742
 97534|4352| 54751
 97585|4356| 54849
 97603|4357| 54872
 97633|4359| 54879
 97778|4362| 54951
 97907|4365| 55016
 98058|4368| 55084
 98118|4371| 55137
 98230|4374| 55203
 98231|4375|
 98262|4377| 55219
 98353|4380| 55266
 98366|4381| 55249
 98430|4382| 55282
 98664|4386| 55434
 98718|4390| 55425
 98824|    | 55533
 98839|4392| 55560
 98991|4395| 55598
 99028|4399| 55642
 99055|4400| 55650
 99167|4402| 55687
 99211|4405| 55705
 99285|4408| 55765
 99329|4410| 55791
 99491|4414| 55846
 99564|4416| 55874
 99648|4418| 55945
 99787|4422| 56034
 99902|4426| 56080
 99984|4431| 56148
 99998|4432| 56127
100006|4433| 56146
100029|4434| 56211
100180|4437| 56242
100261|4441| 56243
100262|4442| 56250
100286|4443| 56280
100286|4443| 56280
100287|4444|
100287|4444|
100407|4450| 56343
100563|4455| 56445
100600|4456| 56473
100673|4460| 56480
100696|4461| 56583
100733|4463| 56518
100733|4463| 56518
100825|4466| 56573
100825|4466| 56573
100841|4467| 56561
100889|4468| 56633
100920|4471| 56647
100920|4471| 56647
101067|4476| 56700
101107|4477| 56770
101132|4479| 56675
101133|4480| 56789
101153|4483| 56779
101198|4488| 56802
101431|4494| 56922
101484|4495| 56975
101501|4496| 56997
101606|4501| 57029
101673|4504| 57111
102070|4514| 57283
102124|4515| 57328
102212|4517| 57380
102224|4518| 57399
102249|4520| 57363
102509|4527| 57565
102510|4528| 57562
102584|4530| 57581
102647|4534| 57632
102776|4537| 57669
102870|4540| 57757
102964|4546| 57803
103192|4552| 57936
103287|4554| 58001
103483|4560| 58112
103484|4559| 58110
103498|4561| 58117
103578|4564| 58159
103578|4564| 58159
103605|4566| 58181
103632|4567| 58188
104174|4583| 58484
104181|4585| 58510
104321|4589| 58590
104337|4590| 58587
104452|    | 58661
104513|4594| 58684
104671|4599| 58758
104747|    | 58799
104827|4602| 58858
104841|4603| 58867
104902|4605| 58905
104979|4608| 58948
105211|4616| 59072
105416|4620| 59184
105416|4620| 59184
105435|4621| 59196
105452|4623| 59199
105639|4626| 59285
105702|4629| 59309
105707|4630| 59316
105778|4632| 59352
105850|4635| 59394
105937|4638| 59449
105981|4640| 59468
106002|4641| 59458
106057|4643| 59501
106111|4645| 59551
106251|4650| 59608
106321|4652| 59654
106478|4654| 59708
106490|4656| 59747
106591|4660| 59774
106625|4662| 59803
106661|4663| 59819
106690|4666| 59831
106714|4667| 59847
106849|4671| 59929
106911|4674| 60000
106983|4679| 60009
107070|4681| 60030
107079|4682| 60059
107168|4685| 60087
107199|    |
107213|4688| 60098
107259|4689| 60129
107274|4690| 60122
107276|    | 60123
107328|4695| 60172
107348|4696| 60189
107383|4697| 60202
107446|4700| 60260
107465|4701| 60212
107566|4703| 60320
107567|4704| 60329
107700|4707| 60351
107701|    |
107705|4708| 60353
107815|4711| 60425
107832|4712| 60449
107832|4712| 60449
107904|4715| 60467
107950|4716| 60485
107966|4717| 60514
108114|4724| 60610
108114|4724| 60610
108135|4726| 60584
108225|4728| 60646
108248|4730| 60718
108248|4730| 60718
108249|4731|
108250|4729|
108257|4732| 60710
108283|4733| 60697
108346|    | 60712
108381|4737| 60742
108382|4738| 60746
108483|4743| 60823
108502|4745| 60795
108541|4748| 60855
108651|4751| 60891
108662|4752| 60904
108722|4753| 60941
108765|4756| 60957
108767|4757| 60965
108844|4760| 60978
108845|4761| 60988
108861|4762| 60992
108903|4763| 61084
108903|4763| 61084
108907|4765| 60998
108925|4764|
108945|4766| 61071
108945|4766| 61071
108968|4768| 61136
109026|4773| 61199
109085|4775| 61174
109217|4777| 61246
109307|4780| 61295
109309|4781| 61318
109358|4785| 61317
109372|    | 61404
109379|4786| 61359
109387|4787| 61281
109485|4789| 61394
109510|4791| 61415
109511|4792| 61418
109551|4795| 61384
109668|4798| 61585
109704|4799| 61558
109729|4800|
109742|4801| 61571
109787|4802| 61622
109914|4808|
109980|4811| 61692
110014|4813| 61740
110024|4815| 61724
110073|4817| 61789
110304|4819| 61932
110311|4820| 61981
110335|4823| 61966
110377|4824| 61937
110379|4825| 61941
110379|4825| 61941
110380|4826|
110380|4826|
110411|4828| 61960
110418|    | 61969
110418|    | 61969
110423|4829| 61968
110458|4831| 62012
110462|4833| 61936
110829|4842| 62268
110879|4844| 62322
110897|4845| 62207
110914|4846| 62223
110951|4847| 62267
111028|4849| 62325
111067|4851| 62356
111123|4853| 62434
111164|4855| 62394
111239|4858| 62443
111308|4861| 62478
111335|4863| 62423
111397|4865| 62541
111421|4866| 62516
111469|4869| 62576
111482|4870| 63031
111597|4874| 62683
111765|4878| 62757
111812|4883| 62763
111862|4884| 62807
111915|4888| 62867
111968|4889| 62896
111973|4890| 62931
111998|4891| 62875
112033|4894| 62886
112078|4897| 63007
112091|4899| 63005
112091|4899| 63005
112092|4898| 63003
112092|4898| 63003
112097|4900| 62933
112142|4902| 62985
112185|4905| 62956
112264|4909| 63024
112300|4910| 63090
112409|4913| 63210
112412|4914| 63121
112412|4914| 63121
112413|4915| 63125
112413|4915| 63125
112429|4916| 63076
112559|    | 63152
112769|4920| 63355
112846|4921| 63414
112985|4923| 63613
112989|4924| 63462
112992|4925| 63494
113092|4928| 63432
113095|4929| 63533
113139|4931| 63503
113226|4932| 63608
113314|4933| 63724
113459|4937| 63750
113703|4940| 63945
113791|4942| 64004
113797|4943| 63901
113848|4946| 63948
113866|4949| 63950
113904|4952| 64094
113996|4954| 64022
114038|4955| 64078
114113|4957| 64122
114149|4958| 64166
114287|4961| 64224
114330|4963| 64238
114376|4967| 64217
114378|4968| 64241
114379|4969|
114447|4971| 64246
114642|4981| 64407
114710|4983| 64394
114846|4990| 64520
114911|4993| 64661
114946|4995| 64577
115062|    | 64625
115202|5001| 64725
115271|5004| 64692
115310|5006| 64803
115383|5011| 64792
115521|5015| 64852
115604|5017| 64844
115617|5019| 64924
115659|5020| 64962
115735|5023| 64906
115892|5028| 65109
115903|    | 65074
116010|5032| 65072
116087|5035| 65271
116235|5040| 65241
116243|5041| 65387
116244|5042| 65468
116292|5044| 65301
116365|5047| 65323
116568|5050| 65420
116579|5051| 65628
116656|5054| 65378
116656|5054| 65378
116657|5055|
116657|5055|
116658|5056| 65474
116842|5062| 65477
116870|5064| 65581
116976|5068| 65639
117150|5071| 65810
117176|5072| 65721
117287|5080| 65835
117304|5081| 65790
117374|5084| 66753
117436|5088| 65892
117436|5088| 65892
117440|5089| 65936
117661|5094| 66015
117675|5095| 66006
117675|5095| 66006
117789|5099| 66091
117818|5100| 66098
117833|5101|
117878|    | 66131
118022|5105| 66200
118054|5106| 66247
118098|5107| 66249
118214|5109| 66198
118219|5111| 66320
118232|5112| 66234
118623|5127| 66458
118716|5132| 66657
118991|5141| 66821
119024|5142| 66634
119055|5144| 66727
119090|5147| 66825
119126|5149| 66763
119149|5150| 66803
119228|5154| 66738
119425|5159| 66936
119605|5165| 67057
119756|5168| 67153
119786|5170| 67139
119834|5172| 67234
119853|5173| 67172
119921|5174| 67244
120052|5181| 67288
120064|5182| 67239
120136|5185| 67275
120198|5187| 67231
120307|5190| 67464
120315|5191| 67301
120323|5192| 67457
120324|5193| 67472
120452|5196| 67494
120477|5200| 67459
120499|5199|
120539|5201| 67480
120642|5207| 67703
120709|5210| 67669
120710|5211|
120955|5221| 67786
120987|5222| 67819
120987|5222| 67819
121107|5225| 67787
121130|5226| 67627
121263|5231| 68002
121299|5232| 67929
121370|5235| 67927
121409|5238| 67848
121607|5244| 68092
121710|5247| 68103
121743|5248| 68245
121790|5249| 68282
121847|5250| 68269
121996|5255| 68276
122066|5257| 68390
122223|5260| 68523
122250|5261| 68815
122405|5263| 68478
122408|5264| 68520
122451|5267| 68702
122980|5285| 68862
123123|5287| 68895
123139|5288| 68933
123177|    | 68888
123255|5290| 68940
123299|5291| 68756
123630|5298| 69127
123782|5300| 69068
123998|5303| 69896
123999|5304| 69226
124063|5305| 68956
124206|5312| 69415
124294|5315| 69427
124547|5321| 69112
124570|5323| 69536
124601|5326|
124674|5328| 69481
124674|5328| 69481
124675|5329| 69483
124675|5329| 69483
124679|5330| 69612
124771|5336| 70248
124850|5338| 69701
124882|5339| 70638
124897|5340| 69673
125161|5350| 69713
125162|5351| 69732
125180|5352| 69829
125238|5354| 69996
125248|5355| 69929
125248|5355| 69929
125288|5358| 70069
125337|5359| 69974
125351|5361| 69879
125451|5365| 69989
125454|5366| 70012
125473|5367| 70090
125560|5370| 70027
125823|5378| 70300
125932|5381| 70306
126035|5383| 70336
126341|5395| 70574
126354|5396| 70576
126660|5404| 70497
126661|5405| 70602
126722|5406| 70680
126769|5407| 70753
126868|5409| 70755
126927|5410| 70794
127243|5420| 70791
127381|5425| 71121
127665|5429| 71053
127700|5430| 70692
127739|5434| 71115
127762|5435| 71075
127972|5440| 71352
128167|5447| 71284
128266|5450| 71500
128345|5453| 71536
128609|    |
128620|5459| 71683
128620|5459| 71683
128621|5460| 71681
128621|5460| 71681
128898|5463| 71908
129002|5468| 71618
129056|5469| 71860
129078|5470| 72370
129116|5471| 71865
129174|5475| 71762
129174|5475| 71762
129175|5476|
129246|5477| 71795
129247|5478|
129312|5480| 71832
129336|5481| 71837
129433|5484| 71974
129456|5485| 72010
129502|5487| 71957
129685|5489| 72104
129712|5490| 71995
129893|5495| 72290
129926|5497| 72197
129956|5501| 72154
129972|5502| 72125
129978|5503| 72194
129988|5505| 72105
129989|5506|
130109|5511| 72220
130158|5514| 72323
130259|5516| 72357
130259|5516| 72357
130274|5517| 72378
130559|5523| 72489
130650|5525| 73540
130694|5526| 72571
130807|5528| 72683
130819|5530| 72603
130841|5531| 72622
130841|5531| 72622
130945|5533| 72487
130952|5535| 72631
131041|5538| 72524
131058|5539| 72965
131109|5540| 73223
131156|5544| 72659
131156|5544| 72659
131246|5545| 73771
131430|5548| 72929
131492|5551| 73129
131530|5554| 72934
131562|5556| 73095
131562|5556| 73095
131596|5557| 74296
131873|5563| 72607
131918|5564| 73133
132052|5570| 73165
132058|5571| 73273
132132|5573| 73193
132200|5576| 73334
132219|5577| 73284
132230|5578| 73249
132345|5582| 73310
132742|5586| 73473
132772|5588| 73369
132813|5589| 73199
132851|5591| 73566
132905|5593| 73776
132933|5594| 73536
133086|    | 73136
133124|5600| 73568
133165|5601| 73620
133208|5602| 73555
133216|5603| 73714
133216|5603| 73714
133242|5605| 73807
133242|5605| 73807
133243|5606|
133582|5616| 73745
133621|    | 73440
133640|5618| 73695
133774|5622| 73945
133800|    | 73953
133955|5626| 74117
133962|5627| 73841
134083|5634| 73996
134320|5638| 74087
134481|5646| 74376
134481|5646| 74376
134482|5647| 74380
134505|5649| 74395
134505|5649| 74395
134687|5651| 74449
134759|5652| 74392
134759|5652| 74392
134967|5656| 74493
134967|5656| 74493
134987|5657| 74500
135153|5660| 74604
135230|5662| 74600
135240|5664| 74778
135291|5666| 74837
135379|5670| 74824
135382|5671| 74946
135482|5675| 74649
135502|5676| 74596
135502|5676| 74596
135559|5679| 74689
135722|5681| 74666
135734|5683| 74911
135742|5685| 74785
135758|5686| 74857
136202|5694| 74975
136298|5695| 75141
136351|5698| 75206
136352|5699| 75181
136366|5701| 75110
136407|5703| 75118
136415|5704| 75323
136422|5705| 75177
136504|5708| 75264
136512|5709| 75049
136514|5710| 75119
136664|5712| 75304
136726|5714| 74793
136726|5714| 74793
136753|    |
136801|    | 75294
136831|5717| 75230
136849|5718| 75178
136933|5719| 75439
137006|5721| 75342
137006|5721| 75342
137052|5723| 75379
137058|5724| 75501
137107|5727| 75312
137108|5728|
137333|5729| 76996
137387|5730| 76013
137391|5733| 75411
137391|5733| 75411
137392|5734| 75415
137392|5734| 75415
137422|5735| 75097
137422|5735| 75097
137471|5739| 75530
137686|    | 75152
137744|5743| 75730
137744|5743| 75730
137759|5744| 75458
137898|5746| 75761
137909|5747| 75695
137949|    | 75848
137949|    | 75848
138137|5750| 75944
138137|5750| 75944
138481|5763| 75973
138485|5764| 76126
138485|5764| 76126
138527|5770| 76069
138538|5771| 76440
138562|5772| 76133
138629|5774| 76041
138688|5775| 76259
138690|5776| 76297
138716|5777| 76219
138749|5778| 76127
138769|5781| 76371
138800|5782| 76750
138905|5787| 76333
138917|5788| 76276
138918|5789|
139006|5793| 76267
139063|5794| 76470
139074|5795| 76337
139127|5797| 76552
139137|5799| 76427
139153|5800| 76307
139195|5802| 76425
139216|    | 76423
139225|5804| 76424
139365|5812| 76600
139446|5814| 76628
139521|5820| 76705
139641|5823| 76534
139663|5824| 76742
139664|5825| 76829
139669|5826| 76008
139777|5829| 75809
139813|    | 75829
139891|5833| 76669
139892|5834| 76669
139892|5834| 76669
139980|5837| 76939
139997|5838| 76880
140008|5839| 76945
140027|5840| 76810
140159|5842| 76852
140160|5843| 76866
140232|5845| 76878
140417|5848| 77060
140436|5849| 76952
140538|5853| 77052
140573|5854| 77070
140716|5855| 77048
140729|5858| 77111
140873|5863| 77227
141003|5867| 77233
141004|5868| 77257
141187|5870| 77336
141378|5875| 77464
141477|5879| 77450
141513|5881| 77516
141527|5880| 77442
141556|5883| 77634
141637|5885| 77635
141652|    | 76695
141680|5888| 77578
141714|5889| 77512
141767|5891| 77982
141795|5892| 77622
141850|5894|
141851|5895| 77660
141891|5897| 77952
141992|5899| 77661
142091|5901| 77655
142096|5902| 77811
142105|5903| 77055
142114|5904| 77840
142198|5908| 77853
142267|5911| 77801
142301|5912| 77909
142373|5914| 77760
142378|5915| 77939
142445|5917| 77984
142500|5919| 77910
142629|5925| 78105
142629|5925| 78105
142630|5926| 78106
142630|5926| 78106
142669|5928| 78104
142780|5932| 77907
142860|5933| 78072
142908|5936| 78012
142926|5938| 77986
142980|5940| 78132
142983|5941| 78207
143018|5944| 78265
143107|5947| 78159
143118|5948| 78384
143275|5953| 78401
143333|5954| 78400
143454|5958|
143459|5959| 78436
143474|5961| 78662
143546|5962| 78639
143666|5966| 78481
143761|5968| 78459
143807|5971| 78493
143894|5972| 78554
144046|5976| 78685
144069|5977| 78727
144069|5977| 78727
144070|5978|
144070|5978|
144197|5980| 78914
144205|    | 78574
144206|5982| 78592
144217|5984| 78820
144217|5984| 78820
144218|5985| 78821
144218|5985| 78821
144284|5986| 78527
144294|5987| 78918
144470|5993| 78933
144480|5994| 79153
144608|5997| 78990
144708|6002| 79005
144874|6004| 79007
144937|    | 79047
145000|6009| 79045
145001|6008| 79043
145002|6010| 79072
145122|6013| 79102
145328|6018| 79119
145361|6019| 79497
145366|6020| 80047
145384|6022| 79490
145388|6021| 80057
145389|6023| 79101
145397|6024| 79509
145482|6028| 79404
145483|6029| 79399
145501|6026|
145501|6026|
145502|6027| 79374
145502|6027| 79374
145544|6030| 79664
145570|6031| 79375
145570|6031| 79375
145607|6033| 79387
145622|6034| 78661
145647|6035| 79332
145675|    | 79248
145713|6039| 79349
145713|6039| 79349
145842|6045| 79653
145892|6047| 79488
145897|6048| 79540
145958|    | 79492
146051|6056| 79593
146051|6056| 79593
146143|6058| 79790
146233|6060| 79672
146279|    | 79634
146361|6063| 79607
146362|6064|
146388|6065| 79666
146624|6070| 79881
146667|6071| 79963
146686|6072| 80000
146738|6074| 79757
146791|6075| 79882
146926|6079| 79280
147025|    | 79889
147084|6081| 80079
147142|6082| 79420
147165|6084| 80112
147394|6092| 79992
147449|6093| 80179
147547|6095| 80170
147584|6098| 80686
147675|6102| 81065
147677|6103| 80181
147700|6104| 80343
147749|6107| 80197
147767|6108| 80214
147787|6109| 80645
147835|6110| 80247
147869|6111| 80351
147869|6111| 80351
147933|6112| 80473
147933|6112| 80473
147934|6113|
147934|6113|
147971|6115| 80582
148048|6116| 79822
148112|6117| 80463
148184|6118| 80569
148206|6119|
148283|6123| 80460
148367|6129| 80628
148387|6132| 80331
148478|6134| 80763
148605|6141| 80815
148703|6143| 80911
148783|6146| 80704
148783|6146| 80704
148786|6147| 80894
148856|6148| 80816
148857|6149| 80883
148890|6151| 81252
148897|6152| 80843
148898|6153| 80975
149038|6155| 81122
149081|6156| 80809
149121|6158| 81007
149141|    | 80927
149161|6159| 81008
149212|6161| 80650
149324|6163| 81852
149420|    | 81066
149438|6165| 81266
149447|6166| 81304
149630|6168| 81126
149661|6171| 81300
149671|6172| 81710
149671|6172| 81710
149730|    | 81589
149757|6175| 81377
150100|6184| 81290
150117|6185| 81292
150118|6186|
150378|6195| 81641
150378|6195| 81641
150379|6194| 81634
150416|6196| 81724
150450|6200| 81497
150557|6205| 81734
150680|6212| 81693
150682|6213| 81729
150798|6217| 82273
150997|6220| 81833
151090|    | 81991
151101|6223| 81660
151133|6224| 82037
151179|6225| 82140
151217|6228| 82073
151249|6229| 82363
151431|6232| 82162
151525|6234| 82216
151659|    |
151680|6241| 82396
151769|6243| 82369
151890|6247| 82514
151937|    | 82324
151956|6250| 82402
151985|6252| 82545
152107|6254| 82321
152127|6255| 82480
152173|6258| 82422
152236|6262| 82671
152276|    |
152308|6268| 82526
152326|6270| 82504
152334|6271| 82729
152476|    |
152598|6279| 82587
152601|6280| 82730
152614|6281| 82673
152783|    | 82912
152786|6285| 83081
152820|6288| 82960
152849|6291| 82925
152863|6292| 82780
152879|6293| 82802
152980|6295| 83153
153210|6299| 83000
153287|6305| 82987
153363|6310| 83196
153580|6314| 83431
153597|6315| 82860
153687|6318| 83262
153697|6319| 82898
153727|6321| 83331
153751|6322| 82080
153808|6324| 83207
154029|6332| 83313
154090|6334| 83574
154143|6337| 83430
154356|6346| 83462
154494|6355| 83613
154721|    |
154905|6369| 83608
154905|6369| 83608
154906|6370|
154906|6370|
155103|6377| 83838
155125|6378| 84012
155203|6380| 84143
155514|6391| 84054
155644|6393| 84177
155763|6396| 83895
155885|6401| 84405
155886|6402|
156014|6406| 84345
156014|6406| 84345
156015|6407|
156015|6407|
156164|6410| 84379
156190|6411| 84979
156247|6414| 84500
156266|6415| 84514
156277|6417| 84969
156283|6418| 84380
156349|6424| 84626
156350|6425| 84625
156633|6431| 84573
156681|6433| 84671
156729|6436| 84606
156897|6445| 84893
156928|6446| 84880
156947|6448| 84496
156979|    | 85035
157042|6451| 85079
157056|6453| 84970
157198|6457| 84887
157214|6458| 84862
157236|6459| 85084
157244|6461| 85258
157246|6462| 85267
157325|6464| 84835
157457|6468| 85312
157728|6480| 85157
157778|6484| 85112
157778|6484| 85112
157779|6485|
157779|6485|
157792|6486| 85340
157919|6492| 85423
157950|6493| 85365
157999|6498| 85355
158094|6500| 85727
158408|6508| 85696
158414|6509| 85379
158427|6510| 85792
158643|6519| 85755
158899|6526| 85693
158926|6527| 85927
159139|6533| 85790
159181|6536| 85670
159217|6537| 86092
159217|6537| 86092
159376|6545| 86060
159433|6546| 86170
159480|6548| 85998
159492|6549| 86305
159532|6553| 86228
159541|6554| 85819
159560|6555| 85829
159561|6556| 86032
159876|6561| 86263
159966|6566| 85805
159975|6567| 86284
160032|6569| 86486
160181|6571| 86254
160269|6573| 86036
160290|6574| 86182
160538|    | 85852
160578|6580| 86670
160613|6581| 86565
160635|6582| 86929
160691|6585| 86796
160762|6588| 86414
160915|6595| 86736
160922|6596| 86201
161074|6602| 86667
161096|6603| 86742
161239|6608| 86731
161270|6609| 86831
161471|6615| 87073
161592|6616| 87072
161592|6616| 87072
161783|6622| 87314
161783|6622| 87314
161797|6623| 86974
161868|6629| 87108
161868|6629| 87108
161892|6630| 87261
161912|6631| 87294
161917|6632| 87379
161917|6632| 87379
162003|6636| 86614
162003|6636| 86614
162004|6637| 86620
162004|6637| 86620
162211|6644| 87194
162579|6656| 87212
162714|6661| 87495
162732|6664| 87280
162978|6672| 87706
163217|6677| 87563
163506|6685| 87747
163588|6688| 87585
163770|6695| 87808
163917|6698| 88048
163955|6700| 88116
163989|6701| 87234
163990|6702| 87850
163993|6703| 87933
164058|6705| 87833
164136|6707| 87998
164136|6707| 87998
164259|6710| 88175
164284|6712| 88149
164349|6713| 88128
164353|6714| 88192
164358|6715| 88258
164461|6721| 92824
164577|6723| 88290
164584|6724| 88380
164613|6725| 87728
164613|6725| 87728
164668|6729| 88267
164669|6730|
164764|6733| 88404
164764|6733| 88404
164765|6734|
164794|6736| 88469
164852|6738| 88331
164900|6741| 88346
164975|6742| 88567
164975|6742| 88567
165024|6743| 88714
165040|6745| 88866
165135|6746| 88635
165135|6746| 88635
165174|6747| 88522
165341|6752| 88601
165499|6761| 89042
165625|6765| 88657
165760|6770| 88765
165777|6771| 88771
165908|6775| 88745
166014|6779| 88794
166045|6781| 88818
166046|6782| 88817
166063|6783| 89112
166182|6787| 88886
166205|6789| 85822
166230|6794| 88899
166233|6795| 88964
166464|6801| 89153
166464|6801| 89153
166865|6809| 88127
166866|6810| 88136
166926|6811| 85699
166937|6812| 89341
167006|6815| 89172
167036|6816| 89369
167263|6823| 89440
167264|6822| 89439
167468|6829| 90133
167570|    | 89567
167618|6832| 89642
167647|6833| 89637
168151|6850| 89348
168339|6855| 90098
168454|6859| 89931
168532|6860| 89773
168608|6863| 89968
168653|6865| 89448
168656|6866| 89918
168720|6868| 89861
168723|6869| 89962
168775|6872| 89826
168913|6876| 89925
168914|6877| 89935
169022|6879| 90185
169027|    | 89594
169156|6884| 90135
169233|6888| 90260
169414|6895| 90139
169420|6896| 90289
169467|6897| 90422
169702|6903| 90191
169767|6905| 90568
169916|6913| 90496
169978|6916| 90797
169985|6918| 90441
169986|    |
170000|6920| 89908
170073|6923| 90156
170153|6927| 89937
170296|6930| 90595
170465|6934| 90830
170474|6935| 90642
170523|6938| 90853
170523|6938| 90853
170693|6945| 90344
170845|6951| 90982
170867|6953| 90969
170867|6953| 90969
170868|6952| 90968
170868|6952| 90968
170920|6957| 90844
170920|6957| 90844
171115|6961| 91004
171237|6965| 91066
171443|6973| 91117
171443|6973| 91117
171635|6978| 90905
171759|6982| 91792
171978|6993| 91322
172167|7001| 91262
172380|7009| 91373
172546|7011| 91689
172748|7020| 91726
172748|7020| 91726
172777|7021| 91875
173009|7032| 91845
173009|7032| 91845
173168|7036| 92294
173300|7039| 92041
173370|7040| 91975
173460|7046| 92111
173524|7049| 91755
173540|7050| 92226
173582|7051| 91919
173583|7052|
173607|7053| 91926
173608|7054|
173648|7056| 91971
173648|7056| 91971
173649|7057| 91973
173654|7059| 92117
173667|7061| 92043
173715|7062| 92308
173764|7063| 92175
173764|7063| 92175
173819|7066| 92202
173861|7068| 92382
173880|7069| 92161
173948|7074| 92609
174116|7078| 92390
174295|7087| 92646
174309|7088| 92480
174343|    | 92204
174585|7100| 92398
174589|7101| 92524
174602|7102| 92405
174602|7102| 92405
174638|7106| 92420
174638|7106| 92420
174639|    |
174664|    |
174694|7107| 93015
174933|7113| 92614
174947|7114| 92747
174974|7116| 92761
174974|7116| 92761
175190|7120| 92845
175191|7121| 92855
175286|7124| 92112
175306|7125| 92512
175329|7127| 93163
175426|7131| 92728
175492|7133| 92818
175493|    |
175510|7134| 93148
175515|7135| 92872
175588|7139| 92791
175638|7141| 92946
175638|7141| 92946
175639|7142| 92951
175639|7142| 92951
175687|7145| 93057
175751|7149| 93026
175751|7149| 93026
175775|7150| 93085
175813|7152| 93174
175865|7157| 92862
175869|7158| 93051
176155|7165| 93124
176232|7167| 93179
176303|7172| 93203
176408|7175| 92997
176411|7176| 93244
176437|7178| 93194
176524|7180| 92782
176638|7188| 93542
176670|7192| 93279
176678|7193| 93429
176687|7194| 93506
176984|7209| 93526
177171|7213| 93815
177196|7215| 93408
177241|7217| 93683
177249|7218| 93340
177463|7225| 93717
177474|7226| 93825
177475|7227|
177482|7228|104382
177716|7234| 93864
177724|7235| 93747
177756|7236| 93805
177873|7242| 94005
177940|7243|
178125|7248| 93867
178125|7248| 93867
178207|7251| 93713
178253|7254| 94114
178345|7259| 94160
178449|7261| 93917
178475|7262| 93903
178524|7264| 94141
178596|7266| 94068
179009|7274| 94724
179406|7279| 94385
179527|7283| 94311
179761|7287| 94477
179933|7290| 94140
179950|7292| 94643
180006|7295| 94302
180093|7296| 94730
180163|7298| 94481
180317|7301| 94620
180482|7303| 94727
180540|7304| 94820
180554|7306| 94703
180610|7309| 94490
180711|7310| 94376
180777|7312| 94083
180809|7314| 94713
180868|7315| 94834
180868|7315| 94834
180968|7318| 94827
180968|7318| 94827
180972|7319| 94885
181053|7321| 94913
181182|7326| 94910
181276|7328| 94779
181276|7328| 94779
181296|7329| 95261
181333|7331| 94982
181383|7332| 95002
181391|7333| 95066
181440|7336| 95073
181454|7337| 95241
181577|7340| 95168
181615|7342| 95176
181615|7342| 95176
181623|7343| 95294
181645|7344| 95188
181869|7348| 95347
181984|7352| 94648
181984|7352| 94648
182255|7358| 95260
182369|7362| 95477
182391|    | 95486
182416|7363| 95503
182416|7363| 95503
182490|7369| 95398
182564|7371| 95081
182568|7372| 95372
182571|    | 95435
182572|7373| 95447
182629|7375| 95564
182640|7377| 95501
182762|7385| 95498
182835|7387| 95585
182919|7390| 95560
183028|7393| 95932
183030|7394| 84535
183056|7395| 95556
183324|7400| 95793
183344|7402| 95820
183439|7405| 95771
183491|7406| 95785
183534|7408| 95656
183534|7408| 95656
183537|7409| 95818
183556|    | 95154
183630|7414| 95937
183912|7417| 95947
183912|7417| 95947
183914|7418| 95951
183914|7418| 95951
184006|7420| 95853
184006|7420| 95853
184127|7424| 96341
184171|7426| 96052
184406|7429| 96229
184492|7430| 96327
184492|7430| 96327
184552|7431| 96406
184606|7437| 96275
184707|7440| 96465
184759|7441| 96302
184915|7446| 96483
184930|7447| 96468
185037|7457| 96387
185124|7460| 96556
185144|7462| 96100
185194|7463| 96516
185395|7469| 96441
185404|7470| 96729
185456|    |
185507|7474| 96665
185644|7476| 96808
185734|7478| 96683
185758|7479| 96757
185762|7480| 96807
185872|7483| 96693
185936|7486| 96840
185958|7488| 96837
186005|7489| 96950
186005|7489| 96950
186122|7493| 96931
186203|7497| 96957
186204|    |
186408|7503| 96895
186427|7504| 96901
186486|7506| 97077
186543|7510| 97421
186547|7511| 97139
186648|7515| 97290
186675|7517| 97118
186686|    |
186689|7519| 97229
186791|7525| 97278
186882|7528| 97165
187013|7534| 97295
187076|7536| 97365
187077|    |
187259|7544| 97473
187260|    |
187362|7546| 97496
187532|7553| 97650
187642|7557| 97649
187691|7560| 97675
187739|7561| 97783
187796|7564| 97629
187811|7565| 97679
187849|7566| 97630
187879|7567| 97634
187929|7570| 97804
188001|7574| 97796
188056|7576| 97635
188114|7581| 98032
188119|7582| 97433
188154|7584| 97928
188228|7590| 98495
188260|7592| 97886
188293|7593| 97966
188294|7594| 97967
188310|7595| 97938
188350|7596| 97980
188376|7597| 98066
188512|7602| 98036
188584|7603| 98478
188603|7604| 98162
188603|7604| 98162
188665|7608| 97870
188727|7609| 98085
188727|7609| 98085
188728|7610| 98103
188887|7612| 98624
188892|7613| 98068
188899|7614| 98258
188947|7615| 98110
189005|7618| 98353
189037|7619| 98055
189090|7622| 98234
189103|7623| 98412
189118|7624| 98421
189319|7635| 98337
189410|7641| 98375
189577|7645| 98438
189577|7645| 98438
189687|7647| 98425
189741|7649| 98633
189763|7650| 98688
189849|7653| 98543
190004|7657| 98636
190147|7660| 98571
190229|7664| 98754
190248|7665| 99240
190299|7667| 98844
190327|7669| 98823
190406|7672| 98819
190421|7673| 99120
190454|7675| 98953
190544|7676| 98583
190608|7679| 98920
190713|7682| 98658
190940|7685| 98702
190960|7686| 98401
190993|7688| 99080
191026|7689| 99031
191067|7690| 99171
191277|7701| 98962
191570|7705| 99352
191571|    |
191610|7708| 99303
191692|7710| 99473
191747|7711| 99404
191753|7712| 99529
191862|7715| 99572
191862|7715| 99572
192004|7718| 99518
192044|7719| 99531
192107|7720| 99631
192425|7724| 99742
192455|7727| 99500
192514|7730| 99639
192514|7730| 99639
192518|7731| 99738
192577|7735| 99675
192577|7735| 99675
192640|7736| 99770
192666|7738| 99918
192696|7740| 99655
192713|7741| 99853
192806|7744| 99874
192836|7746| 99913
192876|7747|100027
192879|7748|100062
192907|7750| 99255
192909|7751| 99848
192909|7751| 99848
192944|7753| 99951
192947|7754|100064
193150|7761|100195
193237|7763|100044
193369|7769|100108
193370|7770|100122
193432|7773|100310
193452|7775|100325
193452|7775|100325
193495|7776|100345
193495|7776|100345
193571|7779|100469
193680|    |
193807|7787|100591
193911|7789|100435
193924|7790|100751
193964|7792|100221
194093|7796|100453
194258|7804|100261
194317|7806|100587
194636|7814|100881
194939|7821|100977
194943|7822|101027
195050|7826|100907
195068|7828|100859
195068|7828|100859
195093|7829|101120
195093|7829|101120
195094|7830|101123
195094|7830|101123
195135|7831|101101
195295|7834|101076
195324|7835|101067
195325|7836|101160
195556|7844|101138
195556|7844|101138
195569|7846|101477
195593|7847|101214
195627|7848|101612
195725|7850|101093
195774|7851|101243
195774|7851|101243
195810|7852|101421
195943|7858|101483
195961|7859|101773
196051|7863|102162
196067|7864|102125
196093|7866|101474
196094|    |
196171|7869|101772
196180|7871|101589
196321|7873|101692
196348|    |101751
196362|7874|101641
196378|7875|101983
196502|7879|101260
196502|7879|101260
196504|7880|101716
196519|7881|102157
196519|7881|102157
196524|7882|101769
196544|7883|101800
196574|7884|101847
196606|7885|101765
196662|7889|101923
196662|7889|101923
196724|7891|101867
196725|7892|101882
196740|7894|101868
196755|7896|101916
196758|7897|101936
196777|7900|101984
196787|7901|100965
196867|7906|101958
196925|7908|101082
197051|7913|102395
197121|7918|102080
197157|7920|102333
197177|7921|102066
197178|    |
197345|7924|102098
197461|7928|102281
197511|7929|102177
197572|7932|102276
197635|7934|102773
197692|7936|102485
197725|7937|102487
197752|7939|102388
197812|7941|102440
197912|7942|102453
197937|7943|102693
197950|7945|102253
197963|7947|102531
197963|7947|102531
197964|7948|102532
197964|7948|102532
197989|7949|102488
198001|7950|102618
198026|7951|102624
198048|7952|102790
198069|7953|102633
198084|7955|102431
198084|7955|102431
198134|7956|102571
198149|7957|102422
198183|7963|102589
198232|7965|102831
198308|7968|102950
198390|7973|102805
198391|7974|102819
198478|7977|102724
198529|7979|102989
198542|7980|102978
198571|7982|102945
198639|7984|102843
198667|7985|103005
198700|7986|103227
198726|7988|102949
198743|7990|103045
198809|7995|103004
199012|8000|103226
199081|8001|103089
199095|8002|102208
199140|8007|103191
199169|8008|103200
199253|8011|103294
199254|8012|103298
199345|8015|103401
199532|8021|104043
199629|8028|103413
199665|8030|103527
199697|8032|103511
199728|8033|103616
199766|8034|103569
199951|8039|103738
199951|8039|103738
199960|8041|103682
200120|8047|103632
200163|8048|103882
200256|    |103813
200310|8053|103732
200365|8055|104085
200496|8058|103981
200497|8059|
200499|8060|104019
200644|8066|104031
200644|8066|104031
200702|8069|104177
200718|8070|104148
200761|8075|104139
200763|8076|104174
200790|8077|104101
200905|8079|104060
200914|8080|104234
201078|8084|104185
201091|8085|104214
201092|8086|104217
201184|8087|104365
201251|8089|104194
201352|8091|104452
201371|8092|104755
201381|8093|104459
201433|8094|104371
201601|8097|104521
201616|8098|104538
201901|8110|104750
201908|8112|104105
202012|8113|
202109|8115|104732
202275|8123|104858
202320|8127|104963
202369|8128|104974
202444|8130|104887
202447|8131|104987
202627|8135|105140
202627|8135|105140
202671|8137|105143
202723|8139|105168
202730|8140|105319
202753|8141|105164
202850|8143|105102
202904|8146|105138
203006|8151|105382
203006|8151|105382
203064|8154|105186
203133|8156|105678
203222|8160|105412
203280|8162|105199
203291|8163|105413
203344|8165|105411
203387|8167|105515
203467|8171|105268
203504|8173|105502
203525|8175|105574
203562|8178|105570
203585|8180|105696
203608|8181|105858
203608|8181|105858
203638|8183|105665
203705|8187|105668
203760|8188|105841
203843|8192|105729
203875|8195|105761
203881|8196|106044
203926|8199|105767
204075|8204|105881
204139|8207|105928
204172|8209|105811
204381|8213|106039
204394|8214|106067
204403|8215|105942
204414|8217|105966
204724|8225|106140
204770|8227|105972
204771|8228|106093
204783|8229|106327
204854|8230|106340
204867|8232|106278
205021|8238|106032
205289|8245|106559
205435|8252|106481
205471|8253|106654
205478|8254|107089
205478|8254|107089
205512|8255|106551
205529|8256|106703
205637|8260|106723
205730|8262|106642
205767|8264|106786
205811|8265|106783
205835|8266|106711
205852|8267|106787
205924|8270|106856
205939|8272|106752
206058|    |106942
206067|8277|106944
206088|8278|106985
206165|8279|106801
206240|8280|107843
206301|8283|107095
206330|8284|106999
206330|8284|106999
206356|8285|107128
206445|8287|107144
206453|8288|107188
206487|8289|107151
206538|8291|107097
206561|8295|107232
206570|8297|107129
206570|8297|107129
206644|8300|107162
206672|8301|107136
206677|8302|107302
206742|8305|107380
206774|8307|107253
206778|8308|107315
206826|8309|107310
206826|8309|107310
206827|8310|
206834|8311|107382
206834|8311|107382
206859|8313|107348
206901|8315|107354
206901|8315|107354
206936|8316|107259
206952|8317|107119
207005|8318|107487
207005|8318|107487
207052|8319|107517
207089|8321|107472
207098|8322|107556
207130|8324|107230
207155|8326|107608
207203|8328|107575
207203|8328|107575
207241|8333|107835
207260|8334|107418
207330|8335|107533
207528|8339|107586
207650|8343|107763
207652|8344|107788
207958|8351|108036
207971|8353|108085
207978|8354|107975
208057|8356|108022
208149|8362|108281
208450|8368|108431
208496|8369|108478
208496|8369|108478
208501|8371|108165
208501|8371|108165
208565|8373|108339
208816|8383|108317
209008|8385|108612
209014|8386|108661
209100|8387|108870
209128|8390|108691
209166|8392|108693
209167|8393|108699
209278|8396|108797
209369|8400|108535
209396|8401|108868
209409|8402|108874
209459|8404|108875
209476|8405|108952
209481|8406|108772
209481|8406|108772
209529|8409|109081
209529|8409|109081
209625|8410|108991
209688|8411|109111
209744|    |108925
209747|8413|109068
209750|8414|109074
209772|8416|108924
209790|8417|108917
209790|8417|108917
209791|    |
209819|8418|109139
209833|8419|109056
209952|8425|109268
209960|8426|109005
209975|8428|109017
210027|8430|109176
210049|8431|109285
210066|8433|109289
210129|8438|109240
210191|8439|109332
210302|8447|109422
210334|8448|109303
210354|8449|109352
210418|8450|109427
210422|    |109460
210424|8452|109472
210459|8454|109410
210459|8454|109410
210516|8459|109458
210705|8462|109624
210745|8465|109492
210807|8468|109400
210839|8469|109556
210853|8471|110078
210934|8478|109789
210960|8480|109786
210967|8481|110256
211088|8486|109908
211202|8488|109973
211336|8494|109857
211361|8496|110000
211388|8498|109937
211391|8499|110003
211416|8502|110130
211434|8504|110023
211539|8505|111196
211676|8508|110179
211833|8511|110103
211838|8512|110273
211924|8513|110298
211998|8515|110618
212010|8516|110391
212061|8518|110395
212076|8520|110386
212087|8521|110478
212097|8522|110371
212120|8523|110351
212132|8524|110506
212132|8524|110506
212271|8529|110529
212395|8532|110548
212404|8533|110578
212430|8534|110602
212466|    |110504
212496|8538|110538
212571|8539|110672
212581|8540|110838
212593|8541|110609
212697|8544|110778
212698|8545|
212754|8548|110785
212943|8551|110882
212953|8552|110936
213009|8556|110997
213051|8558|110960
213051|8558|110960
213052|8559|
213080|8560|111043
213087|8561|110817
213119|8562|110986
213235|8566|111062
213236|8567|111086
213296|8570|111138
213306|8571|110991
213307|    |110988
213310|8572|111022
213320|8573|111123
213323|8574|111068
213398|8576|111188
213403|8578|110787
213403|8578|110787
213420|8579|111104
213442|8582|111310
213464|8583|111200
213558|8585|111169
213617|8586|111278
213789|8590|111394
213798|8591|111056
213798|8591|111056
213845|8592|111449
213998|8597|111497
214085|8600|111594
214150|8602|111643
214167|    |111546
214168|8603|111544
214376|8610|111710
214454|8613|111674
214470|8615|111532
214567|8618|111810
214680|8622|111841
214698|8624|111884
214734|8627|111797
214748|8628|111954
214846|8630|112405
214868|8632|111944
214923|8634|112029
214952|8636|112122
214966|8637|112102
214993|8640|112031
214993|8640|112031
214994|8641|112051
215104|8644|112203
215143|8647|112179
215167|8649|112211
215167|8649|112211
215182|8650|112158
215369|8655|112374
215373|8656|112242
215510|8660|112358
215573|8663|112781
215648|8665|112447
215665|8667|112440
215721|8670|112529
215721|8670|112529
215766|8673|112542
215789|8675|112623
215874|8676|112615
216032|8679|112716
216032|8679|112716
216131|8684|112748
216200|8690|112778
216210|8693|112862
216228|8694|112724
216336|8695|112948
216385|8697|112935
216386|8698|112961
216397|8699|112917
216435|8700|113044
216437|8701|113137
216494|8704|113031
216627|8709|113136
216637|8710|113127
216640|8711|113148
216655|    |113191
216656|    |113190
216701|8715|113167
216735|8717|113186
216763|8720|113246
216823|8722|113307
216916|8725|113281
216916|8725|113281
216956|8728|113368
217014|8729|113357
217050|8731|113327
217232|8739|113503
217264|8742|113521
217364|8747|113638
217428|8750|113610
217531|8757|113674
217675|8762|113726
217701|8763|113781
217782|8766|113788
217792|8767|113860
217891|8773|113889
217902|8774|113957
217906|8775|113881
218031|8780|113919
218045|8781|113963
218060|8782|113996
218227|8787|114131
218240|8789|114119
218242|8790|114132
218329|8795|114144
218356|8796|114155
218376|8797|114104
218452|8804|114200
218470|8805|114210
218527|8807|114273
218594|8812|114341
218634|8815|114347
218640|8817|114375
218658|8819|114222
218670|8820|114421
218700|8821|114389
218753|8822|114365
218804|8825|114430
218918|8826|114520
218935|8827|114526
219080|8830|114570
219215|8834|114724
219449|8841|114855
219449|8841|114855
219477|8842|114844
219571|8848|114996
219576|8850|114939
219615|8852|114971
219688|8858|115033
219693|8859|115054
219734|8860|115022
219765|8862|115836
219784|8863|115102
219815|8864|115065
219832|8865|115115
219834|8866|115126
219877|8868|115142
219916|8872|115088
219945|8874|115152
219981|8876|115191
220009|8878|115227
220061|8880|115250
220088|8882|115271
220117|8885|115280
220222|8887|115355
220278|8890|115404
220318|8891|115407
220321|8892|115438
220363|8893|115444
220599|8903|115591
220652|8904|115590
220657|8905|115623
220704|8906|115669
220729|8907|115713
220825|8911|115738
220825|8911|115738
220858|8912|115768
220885|8913|115755
220933|8915|115806
220954|8916|115830
221115|8923|115919
221115|8923|115919
221253|8926|115990
221345|8930|116076
221357|8932|116118
221409|8934|116146
221507|8937|116231
221565|8939|116247
221615|8940|116264
221673|8943|116310
221675|8944|116323
221756|8947|116354
221758|8948|116355
221760|8949|116389
221833|    |116422
221950|8954|116495
222098|8960|116592
222107|8961|116584
222133|8963|116611
222173|8965|116631
222287|8966|116737
222287|8966|116737
222304|8967|116709
222345|8968|116758
222368|8969|116771
222404|8974|116727
222433|8975|116820
222439|8976|116805
222547|8980|116889
222561|    |116904
222574|8982|116901
222603|8984|116928
222661|8988|116971
222683|    |116972
222764|8991|117020
222800|8992|
222842|8997|117073
222847|8998|117089
223024|9002|117218
223047|9003|117221
223075|9004|117245
223145|9006|117315
223165|9008|117301
223252|9012|117375
223352|9016|117452
223385|9018|117447
223438|9022|117491
223461|9025|117500
223637|9030|117628
223640|9031|117629
223647|9032|117689
223719|9033|117683
223768|9036|117718
223781|9039|117730
223807|9040|117756
223825|9041|117761
223855|9042|117774
224014|9045|117863
224103|9048|117927
224151|9052|117957
224309|9056|118027
224362|9061|118114
224392|9062|118121
224427|9064|118131
224481|9065|118178
224490|9066|
224533|9067|118209
224554|9069|118234
224572|9071|118243
224617|9072|118268
224686|9076|118322
224801|9080|    63
224834|9081|    88
224889|9084|   122
224926|9087|   145
224930|9088|   171
224935|9089|   154
224990|9091|   183
224995|9092|   186
225003|9093|   194
225132|9098|   301
225180|9100|   330
225212|9103|   355
257498|    | 30756
257937|    |
  6118| 291|  4889
  6118| 291|  4889
 10516| 496|  8068
 14134|    | 10805
199828|    |103640
200004|    |103728
199944|    |103681
202466|    |105019
207203|8328|107575
210845|    |109720
212741|    |110786
214028|    |111539
214572|    |111843
215097|    |112161
216182|    |112813
216567|    |113085
216956|8728|113368
216956|8728|113368
218081|    |114006
218173|    |114054
218331|    |114164
171443|6973| 91117
172748|7020| 91726
173009|7032| 91845
173764|7063| 92175
174532|    | 92501
175751|7149| 93026
 10476| 493|  7981
 10476| 493|  7981
 14305|    | 10810
 18654|    | 14021
 35497|1791| 25428
 38604|    | 27458
 31189|    | 22994
 36770|    | 26426
 37136|    | 26700
 37735|    | 27027
 39283|2029| 27949
 39724|    | 28214
 40062|2079| 28385
 41783|    | 29315
 41782|    | 29348
 47005|    | 31944
 55944|    | 35398
 56099|    | 35457
 56243|    | 35517
 60844|    | 37346
 61931|2969| 37701
 64347|3077| 38800
 69548|3254| 40875
 69548|3254| 40875
 66216|3149| 39424
 66347|    | 39447
 67402|    | 39888
 74200|    | 42791
 77230|    | 44336
 77892|    | 44637
 78479|    | 44918
112989|4924| 63462
112989|4924| 63462
114427|    | 64244
114674|    | 64355
 44762|2296| 30277
 44762|2296| 30277
199947|    |103703
201301|    |104429
205306|    |106568
207061|    |107527
 12441|    |  9802
  2629|    |  2343
  7268|    |  5666
  7812|    |  6048
 10380| 489|  7884
 10380| 489|  7884
 13228|    | 10033
 17093| 812| 12832
 17093| 812| 12832
 17206| 818| 12843
 17206| 818| 12843
111892|    | 62819
 91880|4156| 51905
 91880|4156| 51905
 92214|4171| 52085
 92214|4171| 52085
 93397|4214| 52737
 93397|4214| 52737
 93813|4232| 52943
 93813|4232| 52943
 94046|    | 53037
 94046|    | 53037
 94388|4251| 53252
 94388|4251| 53252
 95698|4302| 53963
 96202|4314| 54204
 96202|4314| 54204
 96819|4334| 54477
100393|4449| 56332
100407|4450| 56343
100407|4450| 56343
100623|4458| 56452
100893|4469| 56620
100953|4473| 56657
101431|4494| 56922
101431|4494| 56922
101666|4503| 57047
103192|4552| 57936
103192|4552| 57936
103596|4565| 58158
182807|7386| 95492
194666|    |100565
208509|    |107995
210873|8473|109434
 20010| 963| 14879
 24371|    | 18122
 44974|    | 30588
 46516|    | 31368
 60081|    | 36739
 64092|    | 38495
143553|5963| 78442
146169|    | 79608
146452|    | 79704
146604|    | 79724
146915|    | 79846
148616|    | 80648
149805|    | 81354
150525|    | 81717
151237|    | 82000
155104|    | 83876
156681|6433| 84671
156681|6433| 84671
 91369|    | 51614
 91369|    | 51614
129433|5484| 71974
129433|5484| 71974
 83469|    | 47382
 85259|    | 48298
 86359|    | 48881
 88233|    | 49850
 92196|    | 52120
 94738|    | 53460
 96855|    | 54515
 99305|    | 55769
 73192|3409| 42365
 73427|    | 42472
 73508|    | 42503
 73596|3423| 42538
 75332|3499| 43410
 80956|3723| 46058
 85373|    | 48428
 89572|    | 50687
 89892|    | 50857
 92371|    | 52240
 94218|    | 53195
 94671|    | 53439
 96738|4332| 54487
 96738|4332| 54487
128756|    | 71652
130694|5526| 72571
130694|5526| 72571
131027|    | 72702
131992|    | 73189
144069|5977| 78727
144069|5977| 78727
 43618|    | 29439
 46635|    | 31763
 80608|    | 45974
 42116|    | 29118
 55533|    | 34904
 71155|3314| 41307
 71155|3314| 41307
 74395|3459| 42835
149121|6158| 81007
149121|6158| 81007
150937|    | 82007
151217|6228| 82073
151217|6228| 82073
152534|    | 82758
154021|    | 83508
154132|    | 83566
154228|6341| 83478
154278|6342| 83504
156252|    | 84605
156252|    | 84605
157968|6496| 85397
158527|    | 85703
159466|    | 85979
159610|    | 86041
206067|8277|106944
206067|8277|106944
223792|    |117735
221147|    |115945
221146|    |115951
223755|9035|117710
  1243|    |  1340
  1352|    |  1427
  2035|    |  1948
  2714|    |  2415
  6077|    |  4832
  8442|    |  6527
  9024|    |  6915
 10113|    |  7709
199951|8039|103738
202627|8135|105140
208851|    |108571
215452|    |112362
 66141|3145| 39311
 66141|3145| 39311
160042|    | 86352
164031|    | 88142
165921|    | 88943
166767|    | 89276
170457|    | 90713
174596|    | 92602
190390|7671| 98910
154418|6350| 83684
155685|    | 84314
156026|    | 84478
156252|    | 84605
156252|    | 84605
156992|    | 84947
157588|6474| 85242
141040|    | 77249
145647|6035| 79332
145647|6035| 79332
148112|6117| 80463
148112|6117| 80463
 83240|3827| 47205
 84882|    | 48087
 85294|    | 48286
 86080|3926| 48734
 86369|3938| 48876
 88048|    | 49739
 90043|    | 50887
 91256|    | 51592
 93431|    | 52763
 93704|    | 52884
 33121|    | 23949
 37940|    | 26925
 38219|    | 27106
 40545|    | 28455
 10407|    |  7948
 17471| 830| 13121
 79452|3664| 45412
 80130|    | 45812
 81104|    | 46239
130834|    | 72181
134584|    | 73808
136727|    | 74806
143803|    | 77942
141652|    | 76695
141652|    | 76695
107161|    | 60088
111397|4865| 62541
111397|4865| 62541
112036|    |
115466|    | 64834
118511|    | 66465
120235|    | 67355
124248|    | 69403
125817|    | 70220
      |7539|